PatientID,BaselineDate,SeriesUID,Image,Mask,original_shape_Elongation_right_lung,original_shape_Flatness_right_lung,original_shape_LeastAxisLength_right_lung,original_shape_MajorAxisLength_right_lung,original_shape_Maximum2DDiameterColumn_right_lung,original_shape_Maximum2DDiameterRow_right_lung,original_shape_Maximum2DDiameterSlice_right_lung,original_shape_Maximum3DDiameter_right_lung,original_shape_MeshVolume_right_lung,original_shape_MinorAxisLength_right_lung,original_shape_Sphericity_right_lung,original_shape_SurfaceArea_right_lung,original_shape_SurfaceVolumeRatio_right_lung,original_shape_VoxelVolume_right_lung,original_firstorder_10Percentile_right_lung,original_firstorder_90Percentile_right_lung,original_firstorder_Energy_right_lung,original_firstorder_Entropy_right_lung,original_firstorder_InterquartileRange_right_lung,original_firstorder_Kurtosis_right_lung,original_firstorder_Maximum_right_lung,original_firstorder_MeanAbsoluteDeviation_right_lung,original_firstorder_Mean_right_lung,original_firstorder_Median_right_lung,original_firstorder_Minimum_right_lung,original_firstorder_Range_right_lung,original_firstorder_RobustMeanAbsoluteDeviation_right_lung,original_firstorder_RootMeanSquared_right_lung,original_firstorder_Skewness_right_lung,original_firstorder_TotalEnergy_right_lung,original_firstorder_Uniformity_right_lung,original_firstorder_Variance_right_lung,original_glcm_Autocorrelation_right_lung,original_glcm_ClusterProminence_right_lung,original_glcm_ClusterShade_right_lung,original_glcm_ClusterTendency_right_lung,original_glcm_Contrast_right_lung,original_glcm_Correlation_right_lung,original_glcm_DifferenceAverage_right_lung,original_glcm_DifferenceEntropy_right_lung,original_glcm_DifferenceVariance_right_lung,original_glcm_Id_right_lung,original_glcm_Idm_right_lung,original_glcm_Idmn_right_lung,original_glcm_Idn_right_lung,original_glcm_Imc1_right_lung,original_glcm_Imc2_right_lung,original_glcm_InverseVariance_right_lung,original_glcm_JointAverage_right_lung,original_glcm_JointEnergy_right_lung,original_glcm_JointEntropy_right_lung,original_glcm_MCC_right_lung,original_glcm_MaximumProbability_right_lung,original_glcm_SumAverage_right_lung,original_glcm_SumEntropy_right_lung,original_glcm_SumSquares_right_lung,original_glrlm_GrayLevelNonUniformity_right_lung,original_glrlm_GrayLevelNonUniformityNormalized_right_lung,original_glrlm_GrayLevelVariance_right_lung,original_glrlm_HighGrayLevelRunEmphasis_right_lung,original_glrlm_LongRunEmphasis_right_lung,original_glrlm_LongRunHighGrayLevelEmphasis_right_lung,original_glrlm_LongRunLowGrayLevelEmphasis_right_lung,original_glrlm_LowGrayLevelRunEmphasis_right_lung,original_glrlm_RunEntropy_right_lung,original_glrlm_RunLengthNonUniformity_right_lung,original_glrlm_RunLengthNonUniformityNormalized_right_lung,original_glrlm_RunPercentage_right_lung,original_glrlm_RunVariance_right_lung,original_glrlm_ShortRunEmphasis_right_lung,original_glrlm_ShortRunHighGrayLevelEmphasis_right_lung,original_glrlm_ShortRunLowGrayLevelEmphasis_right_lung,original_glszm_GrayLevelNonUniformity_right_lung,original_glszm_GrayLevelNonUniformityNormalized_right_lung,original_glszm_GrayLevelVariance_right_lung,original_glszm_HighGrayLevelZoneEmphasis_right_lung,original_glszm_LargeAreaEmphasis_right_lung,original_glszm_LargeAreaHighGrayLevelEmphasis_right_lung,original_glszm_LargeAreaLowGrayLevelEmphasis_right_lung,original_glszm_LowGrayLevelZoneEmphasis_right_lung,original_glszm_SizeZoneNonUniformity_right_lung,original_glszm_SizeZoneNonUniformityNormalized_right_lung,original_glszm_SmallAreaEmphasis_right_lung,original_glszm_SmallAreaHighGrayLevelEmphasis_right_lung,original_glszm_SmallAreaLowGrayLevelEmphasis_right_lung,original_glszm_ZoneEntropy_right_lung,original_glszm_ZonePercentage_right_lung,original_glszm_ZoneVariance_right_lung,original_gldm_DependenceEntropy_right_lung,original_gldm_DependenceNonUniformity_right_lung,original_gldm_DependenceNonUniformityNormalized_right_lung,original_gldm_DependenceVariance_right_lung,original_gldm_GrayLevelNonUniformity_right_lung,original_gldm_GrayLevelVariance_right_lung,original_gldm_HighGrayLevelEmphasis_right_lung,original_gldm_LargeDependenceEmphasis_right_lung,original_gldm_LargeDependenceHighGrayLevelEmphasis_right_lung,original_gldm_LargeDependenceLowGrayLevelEmphasis_right_lung,original_gldm_LowGrayLevelEmphasis_right_lung,original_gldm_SmallDependenceEmphasis_right_lung,original_gldm_SmallDependenceHighGrayLevelEmphasis_right_lung,original_gldm_SmallDependenceLowGrayLevelEmphasis_right_lung,original_ngtdm_Busyness_right_lung,original_ngtdm_Coarseness_right_lung,original_ngtdm_Complexity_right_lung,original_ngtdm_Contrast_right_lung,original_ngtdm_Strength_right_lung,wavelet-LLH_firstorder_10Percentile_right_lung,wavelet-LLH_firstorder_90Percentile_right_lung,wavelet-LLH_firstorder_Energy_right_lung,wavelet-LLH_firstorder_Entropy_right_lung,wavelet-LLH_firstorder_InterquartileRange_right_lung,wavelet-LLH_firstorder_Kurtosis_right_lung,wavelet-LLH_firstorder_Maximum_right_lung,wavelet-LLH_firstorder_MeanAbsoluteDeviation_right_lung,wavelet-LLH_firstorder_Mean_right_lung,wavelet-LLH_firstorder_Median_right_lung,wavelet-LLH_firstorder_Minimum_right_lung,wavelet-LLH_firstorder_Range_right_lung,wavelet-LLH_firstorder_RobustMeanAbsoluteDeviation_right_lung,wavelet-LLH_firstorder_RootMeanSquared_right_lung,wavelet-LLH_firstorder_Skewness_right_lung,wavelet-LLH_firstorder_TotalEnergy_right_lung,wavelet-LLH_firstorder_Uniformity_right_lung,wavelet-LLH_firstorder_Variance_right_lung,wavelet-LLH_glcm_Autocorrelation_right_lung,wavelet-LLH_glcm_ClusterProminence_right_lung,wavelet-LLH_glcm_ClusterShade_right_lung,wavelet-LLH_glcm_ClusterTendency_right_lung,wavelet-LLH_glcm_Contrast_right_lung,wavelet-LLH_glcm_Correlation_right_lung,wavelet-LLH_glcm_DifferenceAverage_right_lung,wavelet-LLH_glcm_DifferenceEntropy_right_lung,wavelet-LLH_glcm_DifferenceVariance_right_lung,wavelet-LLH_glcm_Id_right_lung,wavelet-LLH_glcm_Idm_right_lung,wavelet-LLH_glcm_Idmn_right_lung,wavelet-LLH_glcm_Idn_right_lung,wavelet-LLH_glcm_Imc1_right_lung,wavelet-LLH_glcm_Imc2_right_lung,wavelet-LLH_glcm_InverseVariance_right_lung,wavelet-LLH_glcm_JointAverage_right_lung,wavelet-LLH_glcm_JointEnergy_right_lung,wavelet-LLH_glcm_JointEntropy_right_lung,wavelet-LLH_glcm_MCC_right_lung,wavelet-LLH_glcm_MaximumProbability_right_lung,wavelet-LLH_glcm_SumAverage_right_lung,wavelet-LLH_glcm_SumEntropy_right_lung,wavelet-LLH_glcm_SumSquares_right_lung,wavelet-LLH_glrlm_GrayLevelNonUniformity_right_lung,wavelet-LLH_glrlm_GrayLevelNonUniformityNormalized_right_lung,wavelet-LLH_glrlm_GrayLevelVariance_right_lung,wavelet-LLH_glrlm_HighGrayLevelRunEmphasis_right_lung,wavelet-LLH_glrlm_LongRunEmphasis_right_lung,wavelet-LLH_glrlm_LongRunHighGrayLevelEmphasis_right_lung,wavelet-LLH_glrlm_LongRunLowGrayLevelEmphasis_right_lung,wavelet-LLH_glrlm_LowGrayLevelRunEmphasis_right_lung,wavelet-LLH_glrlm_RunEntropy_right_lung,wavelet-LLH_glrlm_RunLengthNonUniformity_right_lung,wavelet-LLH_glrlm_RunLengthNonUniformityNormalized_right_lung,wavelet-LLH_glrlm_RunPercentage_right_lung,wavelet-LLH_glrlm_RunVariance_right_lung,wavelet-LLH_glrlm_ShortRunEmphasis_right_lung,wavelet-LLH_glrlm_ShortRunHighGrayLevelEmphasis_right_lung,wavelet-LLH_glrlm_ShortRunLowGrayLevelEmphasis_right_lung,wavelet-LLH_glszm_GrayLevelNonUniformity_right_lung,wavelet-LLH_glszm_GrayLevelNonUniformityNormalized_right_lung,wavelet-LLH_glszm_GrayLevelVariance_right_lung,wavelet-LLH_glszm_HighGrayLevelZoneEmphasis_right_lung,wavelet-LLH_glszm_LargeAreaEmphasis_right_lung,wavelet-LLH_glszm_LargeAreaHighGrayLevelEmphasis_right_lung,wavelet-LLH_glszm_LargeAreaLowGrayLevelEmphasis_right_lung,wavelet-LLH_glszm_LowGrayLevelZoneEmphasis_right_lung,wavelet-LLH_glszm_SizeZoneNonUniformity_right_lung,wavelet-LLH_glszm_SizeZoneNonUniformityNormalized_right_lung,wavelet-LLH_glszm_SmallAreaEmphasis_right_lung,wavelet-LLH_glszm_SmallAreaHighGrayLevelEmphasis_right_lung,wavelet-LLH_glszm_SmallAreaLowGrayLevelEmphasis_right_lung,wavelet-LLH_glszm_ZoneEntropy_right_lung,wavelet-LLH_glszm_ZonePercentage_right_lung,wavelet-LLH_glszm_ZoneVariance_right_lung,wavelet-LLH_gldm_DependenceEntropy_right_lung,wavelet-LLH_gldm_DependenceNonUniformity_right_lung,wavelet-LLH_gldm_DependenceNonUniformityNormalized_right_lung,wavelet-LLH_gldm_DependenceVariance_right_lung,wavelet-LLH_gldm_GrayLevelNonUniformity_right_lung,wavelet-LLH_gldm_GrayLevelVariance_right_lung,wavelet-LLH_gldm_HighGrayLevelEmphasis_right_lung,wavelet-LLH_gldm_LargeDependenceEmphasis_right_lung,wavelet-LLH_gldm_LargeDependenceHighGrayLevelEmphasis_right_lung,wavelet-LLH_gldm_LargeDependenceLowGrayLevelEmphasis_right_lung,wavelet-LLH_gldm_LowGrayLevelEmphasis_right_lung,wavelet-LLH_gldm_SmallDependenceEmphasis_right_lung,wavelet-LLH_gldm_SmallDependenceHighGrayLevelEmphasis_right_lung,wavelet-LLH_gldm_SmallDependenceLowGrayLevelEmphasis_right_lung,wavelet-LLH_ngtdm_Busyness_right_lung,wavelet-LLH_ngtdm_Coarseness_right_lung,wavelet-LLH_ngtdm_Complexity_right_lung,wavelet-LLH_ngtdm_Contrast_right_lung,wavelet-LLH_ngtdm_Strength_right_lung,wavelet-LHL_firstorder_10Percentile_right_lung,wavelet-LHL_firstorder_90Percentile_right_lung,wavelet-LHL_firstorder_Energy_right_lung,wavelet-LHL_firstorder_Entropy_right_lung,wavelet-LHL_firstorder_InterquartileRange_right_lung,wavelet-LHL_firstorder_Kurtosis_right_lung,wavelet-LHL_firstorder_Maximum_right_lung,wavelet-LHL_firstorder_MeanAbsoluteDeviation_right_lung,wavelet-LHL_firstorder_Mean_right_lung,wavelet-LHL_firstorder_Median_right_lung,wavelet-LHL_firstorder_Minimum_right_lung,wavelet-LHL_firstorder_Range_right_lung,wavelet-LHL_firstorder_RobustMeanAbsoluteDeviation_right_lung,wavelet-LHL_firstorder_RootMeanSquared_right_lung,wavelet-LHL_firstorder_Skewness_right_lung,wavelet-LHL_firstorder_TotalEnergy_right_lung,wavelet-LHL_firstorder_Uniformity_right_lung,wavelet-LHL_firstorder_Variance_right_lung,wavelet-LHL_glcm_Autocorrelation_right_lung,wavelet-LHL_glcm_ClusterProminence_right_lung,wavelet-LHL_glcm_ClusterShade_right_lung,wavelet-LHL_glcm_ClusterTendency_right_lung,wavelet-LHL_glcm_Contrast_right_lung,wavelet-LHL_glcm_Correlation_right_lung,wavelet-LHL_glcm_DifferenceAverage_right_lung,wavelet-LHL_glcm_DifferenceEntropy_right_lung,wavelet-LHL_glcm_DifferenceVariance_right_lung,wavelet-LHL_glcm_Id_right_lung,wavelet-LHL_glcm_Idm_right_lung,wavelet-LHL_glcm_Idmn_right_lung,wavelet-LHL_glcm_Idn_right_lung,wavelet-LHL_glcm_Imc1_right_lung,wavelet-LHL_glcm_Imc2_right_lung,wavelet-LHL_glcm_InverseVariance_right_lung,wavelet-LHL_glcm_JointAverage_right_lung,wavelet-LHL_glcm_JointEnergy_right_lung,wavelet-LHL_glcm_JointEntropy_right_lung,wavelet-LHL_glcm_MCC_right_lung,wavelet-LHL_glcm_MaximumProbability_right_lung,wavelet-LHL_glcm_SumAverage_right_lung,wavelet-LHL_glcm_SumEntropy_right_lung,wavelet-LHL_glcm_SumSquares_right_lung,wavelet-LHL_glrlm_GrayLevelNonUniformity_right_lung,wavelet-LHL_glrlm_GrayLevelNonUniformityNormalized_right_lung,wavelet-LHL_glrlm_GrayLevelVariance_right_lung,wavelet-LHL_glrlm_HighGrayLevelRunEmphasis_right_lung,wavelet-LHL_glrlm_LongRunEmphasis_right_lung,wavelet-LHL_glrlm_LongRunHighGrayLevelEmphasis_right_lung,wavelet-LHL_glrlm_LongRunLowGrayLevelEmphasis_right_lung,wavelet-LHL_glrlm_LowGrayLevelRunEmphasis_right_lung,wavelet-LHL_glrlm_RunEntropy_right_lung,wavelet-LHL_glrlm_RunLengthNonUniformity_right_lung,wavelet-LHL_glrlm_RunLengthNonUniformityNormalized_right_lung,wavelet-LHL_glrlm_RunPercentage_right_lung,wavelet-LHL_glrlm_RunVariance_right_lung,wavelet-LHL_glrlm_ShortRunEmphasis_right_lung,wavelet-LHL_glrlm_ShortRunHighGrayLevelEmphasis_right_lung,wavelet-LHL_glrlm_ShortRunLowGrayLevelEmphasis_right_lung,wavelet-LHL_glszm_GrayLevelNonUniformity_right_lung,wavelet-LHL_glszm_GrayLevelNonUniformityNormalized_right_lung,wavelet-LHL_glszm_GrayLevelVariance_right_lung,wavelet-LHL_glszm_HighGrayLevelZoneEmphasis_right_lung,wavelet-LHL_glszm_LargeAreaEmphasis_right_lung,wavelet-LHL_glszm_LargeAreaHighGrayLevelEmphasis_right_lung,wavelet-LHL_glszm_LargeAreaLowGrayLevelEmphasis_right_lung,wavelet-LHL_glszm_LowGrayLevelZoneEmphasis_right_lung,wavelet-LHL_glszm_SizeZoneNonUniformity_right_lung,wavelet-LHL_glszm_SizeZoneNonUniformityNormalized_right_lung,wavelet-LHL_glszm_SmallAreaEmphasis_right_lung,wavelet-LHL_glszm_SmallAreaHighGrayLevelEmphasis_right_lung,wavelet-LHL_glszm_SmallAreaLowGrayLevelEmphasis_right_lung,wavelet-LHL_glszm_ZoneEntropy_right_lung,wavelet-LHL_glszm_ZonePercentage_right_lung,wavelet-LHL_glszm_ZoneVariance_right_lung,wavelet-LHL_gldm_DependenceEntropy_right_lung,wavelet-LHL_gldm_DependenceNonUniformity_right_lung,wavelet-LHL_gldm_DependenceNonUniformityNormalized_right_lung,wavelet-LHL_gldm_DependenceVariance_right_lung,wavelet-LHL_gldm_GrayLevelNonUniformity_right_lung,wavelet-LHL_gldm_GrayLevelVariance_right_lung,wavelet-LHL_gldm_HighGrayLevelEmphasis_right_lung,wavelet-LHL_gldm_LargeDependenceEmphasis_right_lung,wavelet-LHL_gldm_LargeDependenceHighGrayLevelEmphasis_right_lung,wavelet-LHL_gldm_LargeDependenceLowGrayLevelEmphasis_right_lung,wavelet-LHL_gldm_LowGrayLevelEmphasis_right_lung,wavelet-LHL_gldm_SmallDependenceEmphasis_right_lung,wavelet-LHL_gldm_SmallDependenceHighGrayLevelEmphasis_right_lung,wavelet-LHL_gldm_SmallDependenceLowGrayLevelEmphasis_right_lung,wavelet-LHL_ngtdm_Busyness_right_lung,wavelet-LHL_ngtdm_Coarseness_right_lung,wavelet-LHL_ngtdm_Complexity_right_lung,wavelet-LHL_ngtdm_Contrast_right_lung,wavelet-LHL_ngtdm_Strength_right_lung,wavelet-LHH_firstorder_10Percentile_right_lung,wavelet-LHH_firstorder_90Percentile_right_lung,wavelet-LHH_firstorder_Energy_right_lung,wavelet-LHH_firstorder_Entropy_right_lung,wavelet-LHH_firstorder_InterquartileRange_right_lung,wavelet-LHH_firstorder_Kurtosis_right_lung,wavelet-LHH_firstorder_Maximum_right_lung,wavelet-LHH_firstorder_MeanAbsoluteDeviation_right_lung,wavelet-LHH_firstorder_Mean_right_lung,wavelet-LHH_firstorder_Median_right_lung,wavelet-LHH_firstorder_Minimum_right_lung,wavelet-LHH_firstorder_Range_right_lung,wavelet-LHH_firstorder_RobustMeanAbsoluteDeviation_right_lung,wavelet-LHH_firstorder_RootMeanSquared_right_lung,wavelet-LHH_firstorder_Skewness_right_lung,wavelet-LHH_firstorder_TotalEnergy_right_lung,wavelet-LHH_firstorder_Uniformity_right_lung,wavelet-LHH_firstorder_Variance_right_lung,wavelet-LHH_glcm_Autocorrelation_right_lung,wavelet-LHH_glcm_ClusterProminence_right_lung,wavelet-LHH_glcm_ClusterShade_right_lung,wavelet-LHH_glcm_ClusterTendency_right_lung,wavelet-LHH_glcm_Contrast_right_lung,wavelet-LHH_glcm_Correlation_right_lung,wavelet-LHH_glcm_DifferenceAverage_right_lung,wavelet-LHH_glcm_DifferenceEntropy_right_lung,wavelet-LHH_glcm_DifferenceVariance_right_lung,wavelet-LHH_glcm_Id_right_lung,wavelet-LHH_glcm_Idm_right_lung,wavelet-LHH_glcm_Idmn_right_lung,wavelet-LHH_glcm_Idn_right_lung,wavelet-LHH_glcm_Imc1_right_lung,wavelet-LHH_glcm_Imc2_right_lung,wavelet-LHH_glcm_InverseVariance_right_lung,wavelet-LHH_glcm_JointAverage_right_lung,wavelet-LHH_glcm_JointEnergy_right_lung,wavelet-LHH_glcm_JointEntropy_right_lung,wavelet-LHH_glcm_MCC_right_lung,wavelet-LHH_glcm_MaximumProbability_right_lung,wavelet-LHH_glcm_SumAverage_right_lung,wavelet-LHH_glcm_SumEntropy_right_lung,wavelet-LHH_glcm_SumSquares_right_lung,wavelet-LHH_glrlm_GrayLevelNonUniformity_right_lung,wavelet-LHH_glrlm_GrayLevelNonUniformityNormalized_right_lung,wavelet-LHH_glrlm_GrayLevelVariance_right_lung,wavelet-LHH_glrlm_HighGrayLevelRunEmphasis_right_lung,wavelet-LHH_glrlm_LongRunEmphasis_right_lung,wavelet-LHH_glrlm_LongRunHighGrayLevelEmphasis_right_lung,wavelet-LHH_glrlm_LongRunLowGrayLevelEmphasis_right_lung,wavelet-LHH_glrlm_LowGrayLevelRunEmphasis_right_lung,wavelet-LHH_glrlm_RunEntropy_right_lung,wavelet-LHH_glrlm_RunLengthNonUniformity_right_lung,wavelet-LHH_glrlm_RunLengthNonUniformityNormalized_right_lung,wavelet-LHH_glrlm_RunPercentage_right_lung,wavelet-LHH_glrlm_RunVariance_right_lung,wavelet-LHH_glrlm_ShortRunEmphasis_right_lung,wavelet-LHH_glrlm_ShortRunHighGrayLevelEmphasis_right_lung,wavelet-LHH_glrlm_ShortRunLowGrayLevelEmphasis_right_lung,wavelet-LHH_glszm_GrayLevelNonUniformity_right_lung,wavelet-LHH_glszm_GrayLevelNonUniformityNormalized_right_lung,wavelet-LHH_glszm_GrayLevelVariance_right_lung,wavelet-LHH_glszm_HighGrayLevelZoneEmphasis_right_lung,wavelet-LHH_glszm_LargeAreaEmphasis_right_lung,wavelet-LHH_glszm_LargeAreaHighGrayLevelEmphasis_right_lung,wavelet-LHH_glszm_LargeAreaLowGrayLevelEmphasis_right_lung,wavelet-LHH_glszm_LowGrayLevelZoneEmphasis_right_lung,wavelet-LHH_glszm_SizeZoneNonUniformity_right_lung,wavelet-LHH_glszm_SizeZoneNonUniformityNormalized_right_lung,wavelet-LHH_glszm_SmallAreaEmphasis_right_lung,wavelet-LHH_glszm_SmallAreaHighGrayLevelEmphasis_right_lung,wavelet-LHH_glszm_SmallAreaLowGrayLevelEmphasis_right_lung,wavelet-LHH_glszm_ZoneEntropy_right_lung,wavelet-LHH_glszm_ZonePercentage_right_lung,wavelet-LHH_glszm_ZoneVariance_right_lung,wavelet-LHH_gldm_DependenceEntropy_right_lung,wavelet-LHH_gldm_DependenceNonUniformity_right_lung,wavelet-LHH_gldm_DependenceNonUniformityNormalized_right_lung,wavelet-LHH_gldm_DependenceVariance_right_lung,wavelet-LHH_gldm_GrayLevelNonUniformity_right_lung,wavelet-LHH_gldm_GrayLevelVariance_right_lung,wavelet-LHH_gldm_HighGrayLevelEmphasis_right_lung,wavelet-LHH_gldm_LargeDependenceEmphasis_right_lung,wavelet-LHH_gldm_LargeDependenceHighGrayLevelEmphasis_right_lung,wavelet-LHH_gldm_LargeDependenceLowGrayLevelEmphasis_right_lung,wavelet-LHH_gldm_LowGrayLevelEmphasis_right_lung,wavelet-LHH_gldm_SmallDependenceEmphasis_right_lung,wavelet-LHH_gldm_SmallDependenceHighGrayLevelEmphasis_right_lung,wavelet-LHH_gldm_SmallDependenceLowGrayLevelEmphasis_right_lung,wavelet-LHH_ngtdm_Busyness_right_lung,wavelet-LHH_ngtdm_Coarseness_right_lung,wavelet-LHH_ngtdm_Complexity_right_lung,wavelet-LHH_ngtdm_Contrast_right_lung,wavelet-LHH_ngtdm_Strength_right_lung,wavelet-HLL_firstorder_10Percentile_right_lung,wavelet-HLL_firstorder_90Percentile_right_lung,wavelet-HLL_firstorder_Energy_right_lung,wavelet-HLL_firstorder_Entropy_right_lung,wavelet-HLL_firstorder_InterquartileRange_right_lung,wavelet-HLL_firstorder_Kurtosis_right_lung,wavelet-HLL_firstorder_Maximum_right_lung,wavelet-HLL_firstorder_MeanAbsoluteDeviation_right_lung,wavelet-HLL_firstorder_Mean_right_lung,wavelet-HLL_firstorder_Median_right_lung,wavelet-HLL_firstorder_Minimum_right_lung,wavelet-HLL_firstorder_Range_right_lung,wavelet-HLL_firstorder_RobustMeanAbsoluteDeviation_right_lung,wavelet-HLL_firstorder_RootMeanSquared_right_lung,wavelet-HLL_firstorder_Skewness_right_lung,wavelet-HLL_firstorder_TotalEnergy_right_lung,wavelet-HLL_firstorder_Uniformity_right_lung,wavelet-HLL_firstorder_Variance_right_lung,wavelet-HLL_glcm_Autocorrelation_right_lung,wavelet-HLL_glcm_ClusterProminence_right_lung,wavelet-HLL_glcm_ClusterShade_right_lung,wavelet-HLL_glcm_ClusterTendency_right_lung,wavelet-HLL_glcm_Contrast_right_lung,wavelet-HLL_glcm_Correlation_right_lung,wavelet-HLL_glcm_DifferenceAverage_right_lung,wavelet-HLL_glcm_DifferenceEntropy_right_lung,wavelet-HLL_glcm_DifferenceVariance_right_lung,wavelet-HLL_glcm_Id_right_lung,wavelet-HLL_glcm_Idm_right_lung,wavelet-HLL_glcm_Idmn_right_lung,wavelet-HLL_glcm_Idn_right_lung,wavelet-HLL_glcm_Imc1_right_lung,wavelet-HLL_glcm_Imc2_right_lung,wavelet-HLL_glcm_InverseVariance_right_lung,wavelet-HLL_glcm_JointAverage_right_lung,wavelet-HLL_glcm_JointEnergy_right_lung,wavelet-HLL_glcm_JointEntropy_right_lung,wavelet-HLL_glcm_MCC_right_lung,wavelet-HLL_glcm_MaximumProbability_right_lung,wavelet-HLL_glcm_SumAverage_right_lung,wavelet-HLL_glcm_SumEntropy_right_lung,wavelet-HLL_glcm_SumSquares_right_lung,wavelet-HLL_glrlm_GrayLevelNonUniformity_right_lung,wavelet-HLL_glrlm_GrayLevelNonUniformityNormalized_right_lung,wavelet-HLL_glrlm_GrayLevelVariance_right_lung,wavelet-HLL_glrlm_HighGrayLevelRunEmphasis_right_lung,wavelet-HLL_glrlm_LongRunEmphasis_right_lung,wavelet-HLL_glrlm_LongRunHighGrayLevelEmphasis_right_lung,wavelet-HLL_glrlm_LongRunLowGrayLevelEmphasis_right_lung,wavelet-HLL_glrlm_LowGrayLevelRunEmphasis_right_lung,wavelet-HLL_glrlm_RunEntropy_right_lung,wavelet-HLL_glrlm_RunLengthNonUniformity_right_lung,wavelet-HLL_glrlm_RunLengthNonUniformityNormalized_right_lung,wavelet-HLL_glrlm_RunPercentage_right_lung,wavelet-HLL_glrlm_RunVariance_right_lung,wavelet-HLL_glrlm_ShortRunEmphasis_right_lung,wavelet-HLL_glrlm_ShortRunHighGrayLevelEmphasis_right_lung,wavelet-HLL_glrlm_ShortRunLowGrayLevelEmphasis_right_lung,wavelet-HLL_glszm_GrayLevelNonUniformity_right_lung,wavelet-HLL_glszm_GrayLevelNonUniformityNormalized_right_lung,wavelet-HLL_glszm_GrayLevelVariance_right_lung,wavelet-HLL_glszm_HighGrayLevelZoneEmphasis_right_lung,wavelet-HLL_glszm_LargeAreaEmphasis_right_lung,wavelet-HLL_glszm_LargeAreaHighGrayLevelEmphasis_right_lung,wavelet-HLL_glszm_LargeAreaLowGrayLevelEmphasis_right_lung,wavelet-HLL_glszm_LowGrayLevelZoneEmphasis_right_lung,wavelet-HLL_glszm_SizeZoneNonUniformity_right_lung,wavelet-HLL_glszm_SizeZoneNonUniformityNormalized_right_lung,wavelet-HLL_glszm_SmallAreaEmphasis_right_lung,wavelet-HLL_glszm_SmallAreaHighGrayLevelEmphasis_right_lung,wavelet-HLL_glszm_SmallAreaLowGrayLevelEmphasis_right_lung,wavelet-HLL_glszm_ZoneEntropy_right_lung,wavelet-HLL_glszm_ZonePercentage_right_lung,wavelet-HLL_glszm_ZoneVariance_right_lung,wavelet-HLL_gldm_DependenceEntropy_right_lung,wavelet-HLL_gldm_DependenceNonUniformity_right_lung,wavelet-HLL_gldm_DependenceNonUniformityNormalized_right_lung,wavelet-HLL_gldm_DependenceVariance_right_lung,wavelet-HLL_gldm_GrayLevelNonUniformity_right_lung,wavelet-HLL_gldm_GrayLevelVariance_right_lung,wavelet-HLL_gldm_HighGrayLevelEmphasis_right_lung,wavelet-HLL_gldm_LargeDependenceEmphasis_right_lung,wavelet-HLL_gldm_LargeDependenceHighGrayLevelEmphasis_right_lung,wavelet-HLL_gldm_LargeDependenceLowGrayLevelEmphasis_right_lung,wavelet-HLL_gldm_LowGrayLevelEmphasis_right_lung,wavelet-HLL_gldm_SmallDependenceEmphasis_right_lung,wavelet-HLL_gldm_SmallDependenceHighGrayLevelEmphasis_right_lung,wavelet-HLL_gldm_SmallDependenceLowGrayLevelEmphasis_right_lung,wavelet-HLL_ngtdm_Busyness_right_lung,wavelet-HLL_ngtdm_Coarseness_right_lung,wavelet-HLL_ngtdm_Complexity_right_lung,wavelet-HLL_ngtdm_Contrast_right_lung,wavelet-HLL_ngtdm_Strength_right_lung,wavelet-HLH_firstorder_10Percentile_right_lung,wavelet-HLH_firstorder_90Percentile_right_lung,wavelet-HLH_firstorder_Energy_right_lung,wavelet-HLH_firstorder_Entropy_right_lung,wavelet-HLH_firstorder_InterquartileRange_right_lung,wavelet-HLH_firstorder_Kurtosis_right_lung,wavelet-HLH_firstorder_Maximum_right_lung,wavelet-HLH_firstorder_MeanAbsoluteDeviation_right_lung,wavelet-HLH_firstorder_Mean_right_lung,wavelet-HLH_firstorder_Median_right_lung,wavelet-HLH_firstorder_Minimum_right_lung,wavelet-HLH_firstorder_Range_right_lung,wavelet-HLH_firstorder_RobustMeanAbsoluteDeviation_right_lung,wavelet-HLH_firstorder_RootMeanSquared_right_lung,wavelet-HLH_firstorder_Skewness_right_lung,wavelet-HLH_firstorder_TotalEnergy_right_lung,wavelet-HLH_firstorder_Uniformity_right_lung,wavelet-HLH_firstorder_Variance_right_lung,wavelet-HLH_glcm_Autocorrelation_right_lung,wavelet-HLH_glcm_ClusterProminence_right_lung,wavelet-HLH_glcm_ClusterShade_right_lung,wavelet-HLH_glcm_ClusterTendency_right_lung,wavelet-HLH_glcm_Contrast_right_lung,wavelet-HLH_glcm_Correlation_right_lung,wavelet-HLH_glcm_DifferenceAverage_right_lung,wavelet-HLH_glcm_DifferenceEntropy_right_lung,wavelet-HLH_glcm_DifferenceVariance_right_lung,wavelet-HLH_glcm_Id_right_lung,wavelet-HLH_glcm_Idm_right_lung,wavelet-HLH_glcm_Idmn_right_lung,wavelet-HLH_glcm_Idn_right_lung,wavelet-HLH_glcm_Imc1_right_lung,wavelet-HLH_glcm_Imc2_right_lung,wavelet-HLH_glcm_InverseVariance_right_lung,wavelet-HLH_glcm_JointAverage_right_lung,wavelet-HLH_glcm_JointEnergy_right_lung,wavelet-HLH_glcm_JointEntropy_right_lung,wavelet-HLH_glcm_MCC_right_lung,wavelet-HLH_glcm_MaximumProbability_right_lung,wavelet-HLH_glcm_SumAverage_right_lung,wavelet-HLH_glcm_SumEntropy_right_lung,wavelet-HLH_glcm_SumSquares_right_lung,wavelet-HLH_glrlm_GrayLevelNonUniformity_right_lung,wavelet-HLH_glrlm_GrayLevelNonUniformityNormalized_right_lung,wavelet-HLH_glrlm_GrayLevelVariance_right_lung,wavelet-HLH_glrlm_HighGrayLevelRunEmphasis_right_lung,wavelet-HLH_glrlm_LongRunEmphasis_right_lung,wavelet-HLH_glrlm_LongRunHighGrayLevelEmphasis_right_lung,wavelet-HLH_glrlm_LongRunLowGrayLevelEmphasis_right_lung,wavelet-HLH_glrlm_LowGrayLevelRunEmphasis_right_lung,wavelet-HLH_glrlm_RunEntropy_right_lung,wavelet-HLH_glrlm_RunLengthNonUniformity_right_lung,wavelet-HLH_glrlm_RunLengthNonUniformityNormalized_right_lung,wavelet-HLH_glrlm_RunPercentage_right_lung,wavelet-HLH_glrlm_RunVariance_right_lung,wavelet-HLH_glrlm_ShortRunEmphasis_right_lung,wavelet-HLH_glrlm_ShortRunHighGrayLevelEmphasis_right_lung,wavelet-HLH_glrlm_ShortRunLowGrayLevelEmphasis_right_lung,wavelet-HLH_glszm_GrayLevelNonUniformity_right_lung,wavelet-HLH_glszm_GrayLevelNonUniformityNormalized_right_lung,wavelet-HLH_glszm_GrayLevelVariance_right_lung,wavelet-HLH_glszm_HighGrayLevelZoneEmphasis_right_lung,wavelet-HLH_glszm_LargeAreaEmphasis_right_lung,wavelet-HLH_glszm_LargeAreaHighGrayLevelEmphasis_right_lung,wavelet-HLH_glszm_LargeAreaLowGrayLevelEmphasis_right_lung,wavelet-HLH_glszm_LowGrayLevelZoneEmphasis_right_lung,wavelet-HLH_glszm_SizeZoneNonUniformity_right_lung,wavelet-HLH_glszm_SizeZoneNonUniformityNormalized_right_lung,wavelet-HLH_glszm_SmallAreaEmphasis_right_lung,wavelet-HLH_glszm_SmallAreaHighGrayLevelEmphasis_right_lung,wavelet-HLH_glszm_SmallAreaLowGrayLevelEmphasis_right_lung,wavelet-HLH_glszm_ZoneEntropy_right_lung,wavelet-HLH_glszm_ZonePercentage_right_lung,wavelet-HLH_glszm_ZoneVariance_right_lung,wavelet-HLH_gldm_DependenceEntropy_right_lung,wavelet-HLH_gldm_DependenceNonUniformity_right_lung,wavelet-HLH_gldm_DependenceNonUniformityNormalized_right_lung,wavelet-HLH_gldm_DependenceVariance_right_lung,wavelet-HLH_gldm_GrayLevelNonUniformity_right_lung,wavelet-HLH_gldm_GrayLevelVariance_right_lung,wavelet-HLH_gldm_HighGrayLevelEmphasis_right_lung,wavelet-HLH_gldm_LargeDependenceEmphasis_right_lung,wavelet-HLH_gldm_LargeDependenceHighGrayLevelEmphasis_right_lung,wavelet-HLH_gldm_LargeDependenceLowGrayLevelEmphasis_right_lung,wavelet-HLH_gldm_LowGrayLevelEmphasis_right_lung,wavelet-HLH_gldm_SmallDependenceEmphasis_right_lung,wavelet-HLH_gldm_SmallDependenceHighGrayLevelEmphasis_right_lung,wavelet-HLH_gldm_SmallDependenceLowGrayLevelEmphasis_right_lung,wavelet-HLH_ngtdm_Busyness_right_lung,wavelet-HLH_ngtdm_Coarseness_right_lung,wavelet-HLH_ngtdm_Complexity_right_lung,wavelet-HLH_ngtdm_Contrast_right_lung,wavelet-HLH_ngtdm_Strength_right_lung,wavelet-HHL_firstorder_10Percentile_right_lung,wavelet-HHL_firstorder_90Percentile_right_lung,wavelet-HHL_firstorder_Energy_right_lung,wavelet-HHL_firstorder_Entropy_right_lung,wavelet-HHL_firstorder_InterquartileRange_right_lung,wavelet-HHL_firstorder_Kurtosis_right_lung,wavelet-HHL_firstorder_Maximum_right_lung,wavelet-HHL_firstorder_MeanAbsoluteDeviation_right_lung,wavelet-HHL_firstorder_Mean_right_lung,wavelet-HHL_firstorder_Median_right_lung,wavelet-HHL_firstorder_Minimum_right_lung,wavelet-HHL_firstorder_Range_right_lung,wavelet-HHL_firstorder_RobustMeanAbsoluteDeviation_right_lung,wavelet-HHL_firstorder_RootMeanSquared_right_lung,wavelet-HHL_firstorder_Skewness_right_lung,wavelet-HHL_firstorder_TotalEnergy_right_lung,wavelet-HHL_firstorder_Uniformity_right_lung,wavelet-HHL_firstorder_Variance_right_lung,wavelet-HHL_glcm_Autocorrelation_right_lung,wavelet-HHL_glcm_ClusterProminence_right_lung,wavelet-HHL_glcm_ClusterShade_right_lung,wavelet-HHL_glcm_ClusterTendency_right_lung,wavelet-HHL_glcm_Contrast_right_lung,wavelet-HHL_glcm_Correlation_right_lung,wavelet-HHL_glcm_DifferenceAverage_right_lung,wavelet-HHL_glcm_DifferenceEntropy_right_lung,wavelet-HHL_glcm_DifferenceVariance_right_lung,wavelet-HHL_glcm_Id_right_lung,wavelet-HHL_glcm_Idm_right_lung,wavelet-HHL_glcm_Idmn_right_lung,wavelet-HHL_glcm_Idn_right_lung,wavelet-HHL_glcm_Imc1_right_lung,wavelet-HHL_glcm_Imc2_right_lung,wavelet-HHL_glcm_InverseVariance_right_lung,wavelet-HHL_glcm_JointAverage_right_lung,wavelet-HHL_glcm_JointEnergy_right_lung,wavelet-HHL_glcm_JointEntropy_right_lung,wavelet-HHL_glcm_MCC_right_lung,wavelet-HHL_glcm_MaximumProbability_right_lung,wavelet-HHL_glcm_SumAverage_right_lung,wavelet-HHL_glcm_SumEntropy_right_lung,wavelet-HHL_glcm_SumSquares_right_lung,wavelet-HHL_glrlm_GrayLevelNonUniformity_right_lung,wavelet-HHL_glrlm_GrayLevelNonUniformityNormalized_right_lung,wavelet-HHL_glrlm_GrayLevelVariance_right_lung,wavelet-HHL_glrlm_HighGrayLevelRunEmphasis_right_lung,wavelet-HHL_glrlm_LongRunEmphasis_right_lung,wavelet-HHL_glrlm_LongRunHighGrayLevelEmphasis_right_lung,wavelet-HHL_glrlm_LongRunLowGrayLevelEmphasis_right_lung,wavelet-HHL_glrlm_LowGrayLevelRunEmphasis_right_lung,wavelet-HHL_glrlm_RunEntropy_right_lung,wavelet-HHL_glrlm_RunLengthNonUniformity_right_lung,wavelet-HHL_glrlm_RunLengthNonUniformityNormalized_right_lung,wavelet-HHL_glrlm_RunPercentage_right_lung,wavelet-HHL_glrlm_RunVariance_right_lung,wavelet-HHL_glrlm_ShortRunEmphasis_right_lung,wavelet-HHL_glrlm_ShortRunHighGrayLevelEmphasis_right_lung,wavelet-HHL_glrlm_ShortRunLowGrayLevelEmphasis_right_lung,wavelet-HHL_glszm_GrayLevelNonUniformity_right_lung,wavelet-HHL_glszm_GrayLevelNonUniformityNormalized_right_lung,wavelet-HHL_glszm_GrayLevelVariance_right_lung,wavelet-HHL_glszm_HighGrayLevelZoneEmphasis_right_lung,wavelet-HHL_glszm_LargeAreaEmphasis_right_lung,wavelet-HHL_glszm_LargeAreaHighGrayLevelEmphasis_right_lung,wavelet-HHL_glszm_LargeAreaLowGrayLevelEmphasis_right_lung,wavelet-HHL_glszm_LowGrayLevelZoneEmphasis_right_lung,wavelet-HHL_glszm_SizeZoneNonUniformity_right_lung,wavelet-HHL_glszm_SizeZoneNonUniformityNormalized_right_lung,wavelet-HHL_glszm_SmallAreaEmphasis_right_lung,wavelet-HHL_glszm_SmallAreaHighGrayLevelEmphasis_right_lung,wavelet-HHL_glszm_SmallAreaLowGrayLevelEmphasis_right_lung,wavelet-HHL_glszm_ZoneEntropy_right_lung,wavelet-HHL_glszm_ZonePercentage_right_lung,wavelet-HHL_glszm_ZoneVariance_right_lung,wavelet-HHL_gldm_DependenceEntropy_right_lung,wavelet-HHL_gldm_DependenceNonUniformity_right_lung,wavelet-HHL_gldm_DependenceNonUniformityNormalized_right_lung,wavelet-HHL_gldm_DependenceVariance_right_lung,wavelet-HHL_gldm_GrayLevelNonUniformity_right_lung,wavelet-HHL_gldm_GrayLevelVariance_right_lung,wavelet-HHL_gldm_HighGrayLevelEmphasis_right_lung,wavelet-HHL_gldm_LargeDependenceEmphasis_right_lung,wavelet-HHL_gldm_LargeDependenceHighGrayLevelEmphasis_right_lung,wavelet-HHL_gldm_LargeDependenceLowGrayLevelEmphasis_right_lung,wavelet-HHL_gldm_LowGrayLevelEmphasis_right_lung,wavelet-HHL_gldm_SmallDependenceEmphasis_right_lung,wavelet-HHL_gldm_SmallDependenceHighGrayLevelEmphasis_right_lung,wavelet-HHL_gldm_SmallDependenceLowGrayLevelEmphasis_right_lung,wavelet-HHL_ngtdm_Busyness_right_lung,wavelet-HHL_ngtdm_Coarseness_right_lung,wavelet-HHL_ngtdm_Complexity_right_lung,wavelet-HHL_ngtdm_Contrast_right_lung,wavelet-HHL_ngtdm_Strength_right_lung,wavelet-HHH_firstorder_10Percentile_right_lung,wavelet-HHH_firstorder_90Percentile_right_lung,wavelet-HHH_firstorder_Energy_right_lung,wavelet-HHH_firstorder_Entropy_right_lung,wavelet-HHH_firstorder_InterquartileRange_right_lung,wavelet-HHH_firstorder_Kurtosis_right_lung,wavelet-HHH_firstorder_Maximum_right_lung,wavelet-HHH_firstorder_MeanAbsoluteDeviation_right_lung,wavelet-HHH_firstorder_Mean_right_lung,wavelet-HHH_firstorder_Median_right_lung,wavelet-HHH_firstorder_Minimum_right_lung,wavelet-HHH_firstorder_Range_right_lung,wavelet-HHH_firstorder_RobustMeanAbsoluteDeviation_right_lung,wavelet-HHH_firstorder_RootMeanSquared_right_lung,wavelet-HHH_firstorder_Skewness_right_lung,wavelet-HHH_firstorder_TotalEnergy_right_lung,wavelet-HHH_firstorder_Uniformity_right_lung,wavelet-HHH_firstorder_Variance_right_lung,wavelet-HHH_glcm_Autocorrelation_right_lung,wavelet-HHH_glcm_ClusterProminence_right_lung,wavelet-HHH_glcm_ClusterShade_right_lung,wavelet-HHH_glcm_ClusterTendency_right_lung,wavelet-HHH_glcm_Contrast_right_lung,wavelet-HHH_glcm_Correlation_right_lung,wavelet-HHH_glcm_DifferenceAverage_right_lung,wavelet-HHH_glcm_DifferenceEntropy_right_lung,wavelet-HHH_glcm_DifferenceVariance_right_lung,wavelet-HHH_glcm_Id_right_lung,wavelet-HHH_glcm_Idm_right_lung,wavelet-HHH_glcm_Idmn_right_lung,wavelet-HHH_glcm_Idn_right_lung,wavelet-HHH_glcm_Imc1_right_lung,wavelet-HHH_glcm_Imc2_right_lung,wavelet-HHH_glcm_InverseVariance_right_lung,wavelet-HHH_glcm_JointAverage_right_lung,wavelet-HHH_glcm_JointEnergy_right_lung,wavelet-HHH_glcm_JointEntropy_right_lung,wavelet-HHH_glcm_MCC_right_lung,wavelet-HHH_glcm_MaximumProbability_right_lung,wavelet-HHH_glcm_SumAverage_right_lung,wavelet-HHH_glcm_SumEntropy_right_lung,wavelet-HHH_glcm_SumSquares_right_lung,wavelet-HHH_glrlm_GrayLevelNonUniformity_right_lung,wavelet-HHH_glrlm_GrayLevelNonUniformityNormalized_right_lung,wavelet-HHH_glrlm_GrayLevelVariance_right_lung,wavelet-HHH_glrlm_HighGrayLevelRunEmphasis_right_lung,wavelet-HHH_glrlm_LongRunEmphasis_right_lung,wavelet-HHH_glrlm_LongRunHighGrayLevelEmphasis_right_lung,wavelet-HHH_glrlm_LongRunLowGrayLevelEmphasis_right_lung,wavelet-HHH_glrlm_LowGrayLevelRunEmphasis_right_lung,wavelet-HHH_glrlm_RunEntropy_right_lung,wavelet-HHH_glrlm_RunLengthNonUniformity_right_lung,wavelet-HHH_glrlm_RunLengthNonUniformityNormalized_right_lung,wavelet-HHH_glrlm_RunPercentage_right_lung,wavelet-HHH_glrlm_RunVariance_right_lung,wavelet-HHH_glrlm_ShortRunEmphasis_right_lung,wavelet-HHH_glrlm_ShortRunHighGrayLevelEmphasis_right_lung,wavelet-HHH_glrlm_ShortRunLowGrayLevelEmphasis_right_lung,wavelet-HHH_glszm_GrayLevelNonUniformity_right_lung,wavelet-HHH_glszm_GrayLevelNonUniformityNormalized_right_lung,wavelet-HHH_glszm_GrayLevelVariance_right_lung,wavelet-HHH_glszm_HighGrayLevelZoneEmphasis_right_lung,wavelet-HHH_glszm_LargeAreaEmphasis_right_lung,wavelet-HHH_glszm_LargeAreaHighGrayLevelEmphasis_right_lung,wavelet-HHH_glszm_LargeAreaLowGrayLevelEmphasis_right_lung,wavelet-HHH_glszm_LowGrayLevelZoneEmphasis_right_lung,wavelet-HHH_glszm_SizeZoneNonUniformity_right_lung,wavelet-HHH_glszm_SizeZoneNonUniformityNormalized_right_lung,wavelet-HHH_glszm_SmallAreaEmphasis_right_lung,wavelet-HHH_glszm_SmallAreaHighGrayLevelEmphasis_right_lung,wavelet-HHH_glszm_SmallAreaLowGrayLevelEmphasis_right_lung,wavelet-HHH_glszm_ZoneEntropy_right_lung,wavelet-HHH_glszm_ZonePercentage_right_lung,wavelet-HHH_glszm_ZoneVariance_right_lung,wavelet-HHH_gldm_DependenceEntropy_right_lung,wavelet-HHH_gldm_DependenceNonUniformity_right_lung,wavelet-HHH_gldm_DependenceNonUniformityNormalized_right_lung,wavelet-HHH_gldm_DependenceVariance_right_lung,wavelet-HHH_gldm_GrayLevelNonUniformity_right_lung,wavelet-HHH_gldm_GrayLevelVariance_right_lung,wavelet-HHH_gldm_HighGrayLevelEmphasis_right_lung,wavelet-HHH_gldm_LargeDependenceEmphasis_right_lung,wavelet-HHH_gldm_LargeDependenceHighGrayLevelEmphasis_right_lung,wavelet-HHH_gldm_LargeDependenceLowGrayLevelEmphasis_right_lung,wavelet-HHH_gldm_LowGrayLevelEmphasis_right_lung,wavelet-HHH_gldm_SmallDependenceEmphasis_right_lung,wavelet-HHH_gldm_SmallDependenceHighGrayLevelEmphasis_right_lung,wavelet-HHH_gldm_SmallDependenceLowGrayLevelEmphasis_right_lung,wavelet-HHH_ngtdm_Busyness_right_lung,wavelet-HHH_ngtdm_Coarseness_right_lung,wavelet-HHH_ngtdm_Complexity_right_lung,wavelet-HHH_ngtdm_Contrast_right_lung,wavelet-HHH_ngtdm_Strength_right_lung,wavelet-LLL_firstorder_10Percentile_right_lung,wavelet-LLL_firstorder_90Percentile_right_lung,wavelet-LLL_firstorder_Energy_right_lung,wavelet-LLL_firstorder_Entropy_right_lung,wavelet-LLL_firstorder_InterquartileRange_right_lung,wavelet-LLL_firstorder_Kurtosis_right_lung,wavelet-LLL_firstorder_Maximum_right_lung,wavelet-LLL_firstorder_MeanAbsoluteDeviation_right_lung,wavelet-LLL_firstorder_Mean_right_lung,wavelet-LLL_firstorder_Median_right_lung,wavelet-LLL_firstorder_Minimum_right_lung,wavelet-LLL_firstorder_Range_right_lung,wavelet-LLL_firstorder_RobustMeanAbsoluteDeviation_right_lung,wavelet-LLL_firstorder_RootMeanSquared_right_lung,wavelet-LLL_firstorder_Skewness_right_lung,wavelet-LLL_firstorder_TotalEnergy_right_lung,wavelet-LLL_firstorder_Uniformity_right_lung,wavelet-LLL_firstorder_Variance_right_lung,wavelet-LLL_glcm_Autocorrelation_right_lung,wavelet-LLL_glcm_ClusterProminence_right_lung,wavelet-LLL_glcm_ClusterShade_right_lung,wavelet-LLL_glcm_ClusterTendency_right_lung,wavelet-LLL_glcm_Contrast_right_lung,wavelet-LLL_glcm_Correlation_right_lung,wavelet-LLL_glcm_DifferenceAverage_right_lung,wavelet-LLL_glcm_DifferenceEntropy_right_lung,wavelet-LLL_glcm_DifferenceVariance_right_lung,wavelet-LLL_glcm_Id_right_lung,wavelet-LLL_glcm_Idm_right_lung,wavelet-LLL_glcm_Idmn_right_lung,wavelet-LLL_glcm_Idn_right_lung,wavelet-LLL_glcm_Imc1_right_lung,wavelet-LLL_glcm_Imc2_right_lung,wavelet-LLL_glcm_InverseVariance_right_lung,wavelet-LLL_glcm_JointAverage_right_lung,wavelet-LLL_glcm_JointEnergy_right_lung,wavelet-LLL_glcm_JointEntropy_right_lung,wavelet-LLL_glcm_MCC_right_lung,wavelet-LLL_glcm_MaximumProbability_right_lung,wavelet-LLL_glcm_SumAverage_right_lung,wavelet-LLL_glcm_SumEntropy_right_lung,wavelet-LLL_glcm_SumSquares_right_lung,wavelet-LLL_glrlm_GrayLevelNonUniformity_right_lung,wavelet-LLL_glrlm_GrayLevelNonUniformityNormalized_right_lung,wavelet-LLL_glrlm_GrayLevelVariance_right_lung,wavelet-LLL_glrlm_HighGrayLevelRunEmphasis_right_lung,wavelet-LLL_glrlm_LongRunEmphasis_right_lung,wavelet-LLL_glrlm_LongRunHighGrayLevelEmphasis_right_lung,wavelet-LLL_glrlm_LongRunLowGrayLevelEmphasis_right_lung,wavelet-LLL_glrlm_LowGrayLevelRunEmphasis_right_lung,wavelet-LLL_glrlm_RunEntropy_right_lung,wavelet-LLL_glrlm_RunLengthNonUniformity_right_lung,wavelet-LLL_glrlm_RunLengthNonUniformityNormalized_right_lung,wavelet-LLL_glrlm_RunPercentage_right_lung,wavelet-LLL_glrlm_RunVariance_right_lung,wavelet-LLL_glrlm_ShortRunEmphasis_right_lung,wavelet-LLL_glrlm_ShortRunHighGrayLevelEmphasis_right_lung,wavelet-LLL_glrlm_ShortRunLowGrayLevelEmphasis_right_lung,wavelet-LLL_glszm_GrayLevelNonUniformity_right_lung,wavelet-LLL_glszm_GrayLevelNonUniformityNormalized_right_lung,wavelet-LLL_glszm_GrayLevelVariance_right_lung,wavelet-LLL_glszm_HighGrayLevelZoneEmphasis_right_lung,wavelet-LLL_glszm_LargeAreaEmphasis_right_lung,wavelet-LLL_glszm_LargeAreaHighGrayLevelEmphasis_right_lung,wavelet-LLL_glszm_LargeAreaLowGrayLevelEmphasis_right_lung,wavelet-LLL_glszm_LowGrayLevelZoneEmphasis_right_lung,wavelet-LLL_glszm_SizeZoneNonUniformity_right_lung,wavelet-LLL_glszm_SizeZoneNonUniformityNormalized_right_lung,wavelet-LLL_glszm_SmallAreaEmphasis_right_lung,wavelet-LLL_glszm_SmallAreaHighGrayLevelEmphasis_right_lung,wavelet-LLL_glszm_SmallAreaLowGrayLevelEmphasis_right_lung,wavelet-LLL_glszm_ZoneEntropy_right_lung,wavelet-LLL_glszm_ZonePercentage_right_lung,wavelet-LLL_glszm_ZoneVariance_right_lung,wavelet-LLL_gldm_DependenceEntropy_right_lung,wavelet-LLL_gldm_DependenceNonUniformity_right_lung,wavelet-LLL_gldm_DependenceNonUniformityNormalized_right_lung,wavelet-LLL_gldm_DependenceVariance_right_lung,wavelet-LLL_gldm_GrayLevelNonUniformity_right_lung,wavelet-LLL_gldm_GrayLevelVariance_right_lung,wavelet-LLL_gldm_HighGrayLevelEmphasis_right_lung,wavelet-LLL_gldm_LargeDependenceEmphasis_right_lung,wavelet-LLL_gldm_LargeDependenceHighGrayLevelEmphasis_right_lung,wavelet-LLL_gldm_LargeDependenceLowGrayLevelEmphasis_right_lung,wavelet-LLL_gldm_LowGrayLevelEmphasis_right_lung,wavelet-LLL_gldm_SmallDependenceEmphasis_right_lung,wavelet-LLL_gldm_SmallDependenceHighGrayLevelEmphasis_right_lung,wavelet-LLL_gldm_SmallDependenceLowGrayLevelEmphasis_right_lung,wavelet-LLL_ngtdm_Busyness_right_lung,wavelet-LLL_ngtdm_Coarseness_right_lung,wavelet-LLL_ngtdm_Complexity_right_lung,wavelet-LLL_ngtdm_Contrast_right_lung,wavelet-LLL_ngtdm_Strength_right_lung,log-sigma-1-0-mm-3D_firstorder_10Percentile_right_lung,log-sigma-1-0-mm-3D_firstorder_90Percentile_right_lung,log-sigma-1-0-mm-3D_firstorder_Energy_right_lung,log-sigma-1-0-mm-3D_firstorder_Entropy_right_lung,log-sigma-1-0-mm-3D_firstorder_InterquartileRange_right_lung,log-sigma-1-0-mm-3D_firstorder_Kurtosis_right_lung,log-sigma-1-0-mm-3D_firstorder_Maximum_right_lung,log-sigma-1-0-mm-3D_firstorder_MeanAbsoluteDeviation_right_lung,log-sigma-1-0-mm-3D_firstorder_Mean_right_lung,log-sigma-1-0-mm-3D_firstorder_Median_right_lung,log-sigma-1-0-mm-3D_firstorder_Minimum_right_lung,log-sigma-1-0-mm-3D_firstorder_Range_right_lung,log-sigma-1-0-mm-3D_firstorder_RobustMeanAbsoluteDeviation_right_lung,log-sigma-1-0-mm-3D_firstorder_RootMeanSquared_right_lung,log-sigma-1-0-mm-3D_firstorder_Skewness_right_lung,log-sigma-1-0-mm-3D_firstorder_TotalEnergy_right_lung,log-sigma-1-0-mm-3D_firstorder_Uniformity_right_lung,log-sigma-1-0-mm-3D_firstorder_Variance_right_lung,log-sigma-1-0-mm-3D_glcm_Autocorrelation_right_lung,log-sigma-1-0-mm-3D_glcm_ClusterProminence_right_lung,log-sigma-1-0-mm-3D_glcm_ClusterShade_right_lung,log-sigma-1-0-mm-3D_glcm_ClusterTendency_right_lung,log-sigma-1-0-mm-3D_glcm_Contrast_right_lung,log-sigma-1-0-mm-3D_glcm_Correlation_right_lung,log-sigma-1-0-mm-3D_glcm_DifferenceAverage_right_lung,log-sigma-1-0-mm-3D_glcm_DifferenceEntropy_right_lung,log-sigma-1-0-mm-3D_glcm_DifferenceVariance_right_lung,log-sigma-1-0-mm-3D_glcm_Id_right_lung,log-sigma-1-0-mm-3D_glcm_Idm_right_lung,log-sigma-1-0-mm-3D_glcm_Idmn_right_lung,log-sigma-1-0-mm-3D_glcm_Idn_right_lung,log-sigma-1-0-mm-3D_glcm_Imc1_right_lung,log-sigma-1-0-mm-3D_glcm_Imc2_right_lung,log-sigma-1-0-mm-3D_glcm_InverseVariance_right_lung,log-sigma-1-0-mm-3D_glcm_JointAverage_right_lung,log-sigma-1-0-mm-3D_glcm_JointEnergy_right_lung,log-sigma-1-0-mm-3D_glcm_JointEntropy_right_lung,log-sigma-1-0-mm-3D_glcm_MCC_right_lung,log-sigma-1-0-mm-3D_glcm_MaximumProbability_right_lung,log-sigma-1-0-mm-3D_glcm_SumAverage_right_lung,log-sigma-1-0-mm-3D_glcm_SumEntropy_right_lung,log-sigma-1-0-mm-3D_glcm_SumSquares_right_lung,log-sigma-1-0-mm-3D_glrlm_GrayLevelNonUniformity_right_lung,log-sigma-1-0-mm-3D_glrlm_GrayLevelNonUniformityNormalized_right_lung,log-sigma-1-0-mm-3D_glrlm_GrayLevelVariance_right_lung,log-sigma-1-0-mm-3D_glrlm_HighGrayLevelRunEmphasis_right_lung,log-sigma-1-0-mm-3D_glrlm_LongRunEmphasis_right_lung,log-sigma-1-0-mm-3D_glrlm_LongRunHighGrayLevelEmphasis_right_lung,log-sigma-1-0-mm-3D_glrlm_LongRunLowGrayLevelEmphasis_right_lung,log-sigma-1-0-mm-3D_glrlm_LowGrayLevelRunEmphasis_right_lung,log-sigma-1-0-mm-3D_glrlm_RunEntropy_right_lung,log-sigma-1-0-mm-3D_glrlm_RunLengthNonUniformity_right_lung,log-sigma-1-0-mm-3D_glrlm_RunLengthNonUniformityNormalized_right_lung,log-sigma-1-0-mm-3D_glrlm_RunPercentage_right_lung,log-sigma-1-0-mm-3D_glrlm_RunVariance_right_lung,log-sigma-1-0-mm-3D_glrlm_ShortRunEmphasis_right_lung,log-sigma-1-0-mm-3D_glrlm_ShortRunHighGrayLevelEmphasis_right_lung,log-sigma-1-0-mm-3D_glrlm_ShortRunLowGrayLevelEmphasis_right_lung,log-sigma-1-0-mm-3D_glszm_GrayLevelNonUniformity_right_lung,log-sigma-1-0-mm-3D_glszm_GrayLevelNonUniformityNormalized_right_lung,log-sigma-1-0-mm-3D_glszm_GrayLevelVariance_right_lung,log-sigma-1-0-mm-3D_glszm_HighGrayLevelZoneEmphasis_right_lung,log-sigma-1-0-mm-3D_glszm_LargeAreaEmphasis_right_lung,log-sigma-1-0-mm-3D_glszm_LargeAreaHighGrayLevelEmphasis_right_lung,log-sigma-1-0-mm-3D_glszm_LargeAreaLowGrayLevelEmphasis_right_lung,log-sigma-1-0-mm-3D_glszm_LowGrayLevelZoneEmphasis_right_lung,log-sigma-1-0-mm-3D_glszm_SizeZoneNonUniformity_right_lung,log-sigma-1-0-mm-3D_glszm_SizeZoneNonUniformityNormalized_right_lung,log-sigma-1-0-mm-3D_glszm_SmallAreaEmphasis_right_lung,log-sigma-1-0-mm-3D_glszm_SmallAreaHighGrayLevelEmphasis_right_lung,log-sigma-1-0-mm-3D_glszm_SmallAreaLowGrayLevelEmphasis_right_lung,log-sigma-1-0-mm-3D_glszm_ZoneEntropy_right_lung,log-sigma-1-0-mm-3D_glszm_ZonePercentage_right_lung,log-sigma-1-0-mm-3D_glszm_ZoneVariance_right_lung,log-sigma-1-0-mm-3D_gldm_DependenceEntropy_right_lung,log-sigma-1-0-mm-3D_gldm_DependenceNonUniformity_right_lung,log-sigma-1-0-mm-3D_gldm_DependenceNonUniformityNormalized_right_lung,log-sigma-1-0-mm-3D_gldm_DependenceVariance_right_lung,log-sigma-1-0-mm-3D_gldm_GrayLevelNonUniformity_right_lung,log-sigma-1-0-mm-3D_gldm_GrayLevelVariance_right_lung,log-sigma-1-0-mm-3D_gldm_HighGrayLevelEmphasis_right_lung,log-sigma-1-0-mm-3D_gldm_LargeDependenceEmphasis_right_lung,log-sigma-1-0-mm-3D_gldm_LargeDependenceHighGrayLevelEmphasis_right_lung,log-sigma-1-0-mm-3D_gldm_LargeDependenceLowGrayLevelEmphasis_right_lung,log-sigma-1-0-mm-3D_gldm_LowGrayLevelEmphasis_right_lung,log-sigma-1-0-mm-3D_gldm_SmallDependenceEmphasis_right_lung,log-sigma-1-0-mm-3D_gldm_SmallDependenceHighGrayLevelEmphasis_right_lung,log-sigma-1-0-mm-3D_gldm_SmallDependenceLowGrayLevelEmphasis_right_lung,log-sigma-1-0-mm-3D_ngtdm_Busyness_right_lung,log-sigma-1-0-mm-3D_ngtdm_Coarseness_right_lung,log-sigma-1-0-mm-3D_ngtdm_Complexity_right_lung,log-sigma-1-0-mm-3D_ngtdm_Contrast_right_lung,log-sigma-1-0-mm-3D_ngtdm_Strength_right_lung,log-sigma-2-0-mm-3D_firstorder_10Percentile_right_lung,log-sigma-2-0-mm-3D_firstorder_90Percentile_right_lung,log-sigma-2-0-mm-3D_firstorder_Energy_right_lung,log-sigma-2-0-mm-3D_firstorder_Entropy_right_lung,log-sigma-2-0-mm-3D_firstorder_InterquartileRange_right_lung,log-sigma-2-0-mm-3D_firstorder_Kurtosis_right_lung,log-sigma-2-0-mm-3D_firstorder_Maximum_right_lung,log-sigma-2-0-mm-3D_firstorder_MeanAbsoluteDeviation_right_lung,log-sigma-2-0-mm-3D_firstorder_Mean_right_lung,log-sigma-2-0-mm-3D_firstorder_Median_right_lung,log-sigma-2-0-mm-3D_firstorder_Minimum_right_lung,log-sigma-2-0-mm-3D_firstorder_Range_right_lung,log-sigma-2-0-mm-3D_firstorder_RobustMeanAbsoluteDeviation_right_lung,log-sigma-2-0-mm-3D_firstorder_RootMeanSquared_right_lung,log-sigma-2-0-mm-3D_firstorder_Skewness_right_lung,log-sigma-2-0-mm-3D_firstorder_TotalEnergy_right_lung,log-sigma-2-0-mm-3D_firstorder_Uniformity_right_lung,log-sigma-2-0-mm-3D_firstorder_Variance_right_lung,log-sigma-2-0-mm-3D_glcm_Autocorrelation_right_lung,log-sigma-2-0-mm-3D_glcm_ClusterProminence_right_lung,log-sigma-2-0-mm-3D_glcm_ClusterShade_right_lung,log-sigma-2-0-mm-3D_glcm_ClusterTendency_right_lung,log-sigma-2-0-mm-3D_glcm_Contrast_right_lung,log-sigma-2-0-mm-3D_glcm_Correlation_right_lung,log-sigma-2-0-mm-3D_glcm_DifferenceAverage_right_lung,log-sigma-2-0-mm-3D_glcm_DifferenceEntropy_right_lung,log-sigma-2-0-mm-3D_glcm_DifferenceVariance_right_lung,log-sigma-2-0-mm-3D_glcm_Id_right_lung,log-sigma-2-0-mm-3D_glcm_Idm_right_lung,log-sigma-2-0-mm-3D_glcm_Idmn_right_lung,log-sigma-2-0-mm-3D_glcm_Idn_right_lung,log-sigma-2-0-mm-3D_glcm_Imc1_right_lung,log-sigma-2-0-mm-3D_glcm_Imc2_right_lung,log-sigma-2-0-mm-3D_glcm_InverseVariance_right_lung,log-sigma-2-0-mm-3D_glcm_JointAverage_right_lung,log-sigma-2-0-mm-3D_glcm_JointEnergy_right_lung,log-sigma-2-0-mm-3D_glcm_JointEntropy_right_lung,log-sigma-2-0-mm-3D_glcm_MCC_right_lung,log-sigma-2-0-mm-3D_glcm_MaximumProbability_right_lung,log-sigma-2-0-mm-3D_glcm_SumAverage_right_lung,log-sigma-2-0-mm-3D_glcm_SumEntropy_right_lung,log-sigma-2-0-mm-3D_glcm_SumSquares_right_lung,log-sigma-2-0-mm-3D_glrlm_GrayLevelNonUniformity_right_lung,log-sigma-2-0-mm-3D_glrlm_GrayLevelNonUniformityNormalized_right_lung,log-sigma-2-0-mm-3D_glrlm_GrayLevelVariance_right_lung,log-sigma-2-0-mm-3D_glrlm_HighGrayLevelRunEmphasis_right_lung,log-sigma-2-0-mm-3D_glrlm_LongRunEmphasis_right_lung,log-sigma-2-0-mm-3D_glrlm_LongRunHighGrayLevelEmphasis_right_lung,log-sigma-2-0-mm-3D_glrlm_LongRunLowGrayLevelEmphasis_right_lung,log-sigma-2-0-mm-3D_glrlm_LowGrayLevelRunEmphasis_right_lung,log-sigma-2-0-mm-3D_glrlm_RunEntropy_right_lung,log-sigma-2-0-mm-3D_glrlm_RunLengthNonUniformity_right_lung,log-sigma-2-0-mm-3D_glrlm_RunLengthNonUniformityNormalized_right_lung,log-sigma-2-0-mm-3D_glrlm_RunPercentage_right_lung,log-sigma-2-0-mm-3D_glrlm_RunVariance_right_lung,log-sigma-2-0-mm-3D_glrlm_ShortRunEmphasis_right_lung,log-sigma-2-0-mm-3D_glrlm_ShortRunHighGrayLevelEmphasis_right_lung,log-sigma-2-0-mm-3D_glrlm_ShortRunLowGrayLevelEmphasis_right_lung,log-sigma-2-0-mm-3D_glszm_GrayLevelNonUniformity_right_lung,log-sigma-2-0-mm-3D_glszm_GrayLevelNonUniformityNormalized_right_lung,log-sigma-2-0-mm-3D_glszm_GrayLevelVariance_right_lung,log-sigma-2-0-mm-3D_glszm_HighGrayLevelZoneEmphasis_right_lung,log-sigma-2-0-mm-3D_glszm_LargeAreaEmphasis_right_lung,log-sigma-2-0-mm-3D_glszm_LargeAreaHighGrayLevelEmphasis_right_lung,log-sigma-2-0-mm-3D_glszm_LargeAreaLowGrayLevelEmphasis_right_lung,log-sigma-2-0-mm-3D_glszm_LowGrayLevelZoneEmphasis_right_lung,log-sigma-2-0-mm-3D_glszm_SizeZoneNonUniformity_right_lung,log-sigma-2-0-mm-3D_glszm_SizeZoneNonUniformityNormalized_right_lung,log-sigma-2-0-mm-3D_glszm_SmallAreaEmphasis_right_lung,log-sigma-2-0-mm-3D_glszm_SmallAreaHighGrayLevelEmphasis_right_lung,log-sigma-2-0-mm-3D_glszm_SmallAreaLowGrayLevelEmphasis_right_lung,log-sigma-2-0-mm-3D_glszm_ZoneEntropy_right_lung,log-sigma-2-0-mm-3D_glszm_ZonePercentage_right_lung,log-sigma-2-0-mm-3D_glszm_ZoneVariance_right_lung,log-sigma-2-0-mm-3D_gldm_DependenceEntropy_right_lung,log-sigma-2-0-mm-3D_gldm_DependenceNonUniformity_right_lung,log-sigma-2-0-mm-3D_gldm_DependenceNonUniformityNormalized_right_lung,log-sigma-2-0-mm-3D_gldm_DependenceVariance_right_lung,log-sigma-2-0-mm-3D_gldm_GrayLevelNonUniformity_right_lung,log-sigma-2-0-mm-3D_gldm_GrayLevelVariance_right_lung,log-sigma-2-0-mm-3D_gldm_HighGrayLevelEmphasis_right_lung,log-sigma-2-0-mm-3D_gldm_LargeDependenceEmphasis_right_lung,log-sigma-2-0-mm-3D_gldm_LargeDependenceHighGrayLevelEmphasis_right_lung,log-sigma-2-0-mm-3D_gldm_LargeDependenceLowGrayLevelEmphasis_right_lung,log-sigma-2-0-mm-3D_gldm_LowGrayLevelEmphasis_right_lung,log-sigma-2-0-mm-3D_gldm_SmallDependenceEmphasis_right_lung,log-sigma-2-0-mm-3D_gldm_SmallDependenceHighGrayLevelEmphasis_right_lung,log-sigma-2-0-mm-3D_gldm_SmallDependenceLowGrayLevelEmphasis_right_lung,log-sigma-2-0-mm-3D_ngtdm_Busyness_right_lung,log-sigma-2-0-mm-3D_ngtdm_Coarseness_right_lung,log-sigma-2-0-mm-3D_ngtdm_Complexity_right_lung,log-sigma-2-0-mm-3D_ngtdm_Contrast_right_lung,log-sigma-2-0-mm-3D_ngtdm_Strength_right_lung,log-sigma-3-0-mm-3D_firstorder_10Percentile_right_lung,log-sigma-3-0-mm-3D_firstorder_90Percentile_right_lung,log-sigma-3-0-mm-3D_firstorder_Energy_right_lung,log-sigma-3-0-mm-3D_firstorder_Entropy_right_lung,log-sigma-3-0-mm-3D_firstorder_InterquartileRange_right_lung,log-sigma-3-0-mm-3D_firstorder_Kurtosis_right_lung,log-sigma-3-0-mm-3D_firstorder_Maximum_right_lung,log-sigma-3-0-mm-3D_firstorder_MeanAbsoluteDeviation_right_lung,log-sigma-3-0-mm-3D_firstorder_Mean_right_lung,log-sigma-3-0-mm-3D_firstorder_Median_right_lung,log-sigma-3-0-mm-3D_firstorder_Minimum_right_lung,log-sigma-3-0-mm-3D_firstorder_Range_right_lung,log-sigma-3-0-mm-3D_firstorder_RobustMeanAbsoluteDeviation_right_lung,log-sigma-3-0-mm-3D_firstorder_RootMeanSquared_right_lung,log-sigma-3-0-mm-3D_firstorder_Skewness_right_lung,log-sigma-3-0-mm-3D_firstorder_TotalEnergy_right_lung,log-sigma-3-0-mm-3D_firstorder_Uniformity_right_lung,log-sigma-3-0-mm-3D_firstorder_Variance_right_lung,log-sigma-3-0-mm-3D_glcm_Autocorrelation_right_lung,log-sigma-3-0-mm-3D_glcm_ClusterProminence_right_lung,log-sigma-3-0-mm-3D_glcm_ClusterShade_right_lung,log-sigma-3-0-mm-3D_glcm_ClusterTendency_right_lung,log-sigma-3-0-mm-3D_glcm_Contrast_right_lung,log-sigma-3-0-mm-3D_glcm_Correlation_right_lung,log-sigma-3-0-mm-3D_glcm_DifferenceAverage_right_lung,log-sigma-3-0-mm-3D_glcm_DifferenceEntropy_right_lung,log-sigma-3-0-mm-3D_glcm_DifferenceVariance_right_lung,log-sigma-3-0-mm-3D_glcm_Id_right_lung,log-sigma-3-0-mm-3D_glcm_Idm_right_lung,log-sigma-3-0-mm-3D_glcm_Idmn_right_lung,log-sigma-3-0-mm-3D_glcm_Idn_right_lung,log-sigma-3-0-mm-3D_glcm_Imc1_right_lung,log-sigma-3-0-mm-3D_glcm_Imc2_right_lung,log-sigma-3-0-mm-3D_glcm_InverseVariance_right_lung,log-sigma-3-0-mm-3D_glcm_JointAverage_right_lung,log-sigma-3-0-mm-3D_glcm_JointEnergy_right_lung,log-sigma-3-0-mm-3D_glcm_JointEntropy_right_lung,log-sigma-3-0-mm-3D_glcm_MCC_right_lung,log-sigma-3-0-mm-3D_glcm_MaximumProbability_right_lung,log-sigma-3-0-mm-3D_glcm_SumAverage_right_lung,log-sigma-3-0-mm-3D_glcm_SumEntropy_right_lung,log-sigma-3-0-mm-3D_glcm_SumSquares_right_lung,log-sigma-3-0-mm-3D_glrlm_GrayLevelNonUniformity_right_lung,log-sigma-3-0-mm-3D_glrlm_GrayLevelNonUniformityNormalized_right_lung,log-sigma-3-0-mm-3D_glrlm_GrayLevelVariance_right_lung,log-sigma-3-0-mm-3D_glrlm_HighGrayLevelRunEmphasis_right_lung,log-sigma-3-0-mm-3D_glrlm_LongRunEmphasis_right_lung,log-sigma-3-0-mm-3D_glrlm_LongRunHighGrayLevelEmphasis_right_lung,log-sigma-3-0-mm-3D_glrlm_LongRunLowGrayLevelEmphasis_right_lung,log-sigma-3-0-mm-3D_glrlm_LowGrayLevelRunEmphasis_right_lung,log-sigma-3-0-mm-3D_glrlm_RunEntropy_right_lung,log-sigma-3-0-mm-3D_glrlm_RunLengthNonUniformity_right_lung,log-sigma-3-0-mm-3D_glrlm_RunLengthNonUniformityNormalized_right_lung,log-sigma-3-0-mm-3D_glrlm_RunPercentage_right_lung,log-sigma-3-0-mm-3D_glrlm_RunVariance_right_lung,log-sigma-3-0-mm-3D_glrlm_ShortRunEmphasis_right_lung,log-sigma-3-0-mm-3D_glrlm_ShortRunHighGrayLevelEmphasis_right_lung,log-sigma-3-0-mm-3D_glrlm_ShortRunLowGrayLevelEmphasis_right_lung,log-sigma-3-0-mm-3D_glszm_GrayLevelNonUniformity_right_lung,log-sigma-3-0-mm-3D_glszm_GrayLevelNonUniformityNormalized_right_lung,log-sigma-3-0-mm-3D_glszm_GrayLevelVariance_right_lung,log-sigma-3-0-mm-3D_glszm_HighGrayLevelZoneEmphasis_right_lung,log-sigma-3-0-mm-3D_glszm_LargeAreaEmphasis_right_lung,log-sigma-3-0-mm-3D_glszm_LargeAreaHighGrayLevelEmphasis_right_lung,log-sigma-3-0-mm-3D_glszm_LargeAreaLowGrayLevelEmphasis_right_lung,log-sigma-3-0-mm-3D_glszm_LowGrayLevelZoneEmphasis_right_lung,log-sigma-3-0-mm-3D_glszm_SizeZoneNonUniformity_right_lung,log-sigma-3-0-mm-3D_glszm_SizeZoneNonUniformityNormalized_right_lung,log-sigma-3-0-mm-3D_glszm_SmallAreaEmphasis_right_lung,log-sigma-3-0-mm-3D_glszm_SmallAreaHighGrayLevelEmphasis_right_lung,log-sigma-3-0-mm-3D_glszm_SmallAreaLowGrayLevelEmphasis_right_lung,log-sigma-3-0-mm-3D_glszm_ZoneEntropy_right_lung,log-sigma-3-0-mm-3D_glszm_ZonePercentage_right_lung,log-sigma-3-0-mm-3D_glszm_ZoneVariance_right_lung,log-sigma-3-0-mm-3D_gldm_DependenceEntropy_right_lung,log-sigma-3-0-mm-3D_gldm_DependenceNonUniformity_right_lung,log-sigma-3-0-mm-3D_gldm_DependenceNonUniformityNormalized_right_lung,log-sigma-3-0-mm-3D_gldm_DependenceVariance_right_lung,log-sigma-3-0-mm-3D_gldm_GrayLevelNonUniformity_right_lung,log-sigma-3-0-mm-3D_gldm_GrayLevelVariance_right_lung,log-sigma-3-0-mm-3D_gldm_HighGrayLevelEmphasis_right_lung,log-sigma-3-0-mm-3D_gldm_LargeDependenceEmphasis_right_lung,log-sigma-3-0-mm-3D_gldm_LargeDependenceHighGrayLevelEmphasis_right_lung,log-sigma-3-0-mm-3D_gldm_LargeDependenceLowGrayLevelEmphasis_right_lung,log-sigma-3-0-mm-3D_gldm_LowGrayLevelEmphasis_right_lung,log-sigma-3-0-mm-3D_gldm_SmallDependenceEmphasis_right_lung,log-sigma-3-0-mm-3D_gldm_SmallDependenceHighGrayLevelEmphasis_right_lung,log-sigma-3-0-mm-3D_gldm_SmallDependenceLowGrayLevelEmphasis_right_lung,log-sigma-3-0-mm-3D_ngtdm_Busyness_right_lung,log-sigma-3-0-mm-3D_ngtdm_Coarseness_right_lung,log-sigma-3-0-mm-3D_ngtdm_Complexity_right_lung,log-sigma-3-0-mm-3D_ngtdm_Contrast_right_lung,log-sigma-3-0-mm-3D_ngtdm_Strength_right_lung,log-sigma-4-0-mm-3D_firstorder_10Percentile_right_lung,log-sigma-4-0-mm-3D_firstorder_90Percentile_right_lung,log-sigma-4-0-mm-3D_firstorder_Energy_right_lung,log-sigma-4-0-mm-3D_firstorder_Entropy_right_lung,log-sigma-4-0-mm-3D_firstorder_InterquartileRange_right_lung,log-sigma-4-0-mm-3D_firstorder_Kurtosis_right_lung,log-sigma-4-0-mm-3D_firstorder_Maximum_right_lung,log-sigma-4-0-mm-3D_firstorder_MeanAbsoluteDeviation_right_lung,log-sigma-4-0-mm-3D_firstorder_Mean_right_lung,log-sigma-4-0-mm-3D_firstorder_Median_right_lung,log-sigma-4-0-mm-3D_firstorder_Minimum_right_lung,log-sigma-4-0-mm-3D_firstorder_Range_right_lung,log-sigma-4-0-mm-3D_firstorder_RobustMeanAbsoluteDeviation_right_lung,log-sigma-4-0-mm-3D_firstorder_RootMeanSquared_right_lung,log-sigma-4-0-mm-3D_firstorder_Skewness_right_lung,log-sigma-4-0-mm-3D_firstorder_TotalEnergy_right_lung,log-sigma-4-0-mm-3D_firstorder_Uniformity_right_lung,log-sigma-4-0-mm-3D_firstorder_Variance_right_lung,log-sigma-4-0-mm-3D_glcm_Autocorrelation_right_lung,log-sigma-4-0-mm-3D_glcm_ClusterProminence_right_lung,log-sigma-4-0-mm-3D_glcm_ClusterShade_right_lung,log-sigma-4-0-mm-3D_glcm_ClusterTendency_right_lung,log-sigma-4-0-mm-3D_glcm_Contrast_right_lung,log-sigma-4-0-mm-3D_glcm_Correlation_right_lung,log-sigma-4-0-mm-3D_glcm_DifferenceAverage_right_lung,log-sigma-4-0-mm-3D_glcm_DifferenceEntropy_right_lung,log-sigma-4-0-mm-3D_glcm_DifferenceVariance_right_lung,log-sigma-4-0-mm-3D_glcm_Id_right_lung,log-sigma-4-0-mm-3D_glcm_Idm_right_lung,log-sigma-4-0-mm-3D_glcm_Idmn_right_lung,log-sigma-4-0-mm-3D_glcm_Idn_right_lung,log-sigma-4-0-mm-3D_glcm_Imc1_right_lung,log-sigma-4-0-mm-3D_glcm_Imc2_right_lung,log-sigma-4-0-mm-3D_glcm_InverseVariance_right_lung,log-sigma-4-0-mm-3D_glcm_JointAverage_right_lung,log-sigma-4-0-mm-3D_glcm_JointEnergy_right_lung,log-sigma-4-0-mm-3D_glcm_JointEntropy_right_lung,log-sigma-4-0-mm-3D_glcm_MCC_right_lung,log-sigma-4-0-mm-3D_glcm_MaximumProbability_right_lung,log-sigma-4-0-mm-3D_glcm_SumAverage_right_lung,log-sigma-4-0-mm-3D_glcm_SumEntropy_right_lung,log-sigma-4-0-mm-3D_glcm_SumSquares_right_lung,log-sigma-4-0-mm-3D_glrlm_GrayLevelNonUniformity_right_lung,log-sigma-4-0-mm-3D_glrlm_GrayLevelNonUniformityNormalized_right_lung,log-sigma-4-0-mm-3D_glrlm_GrayLevelVariance_right_lung,log-sigma-4-0-mm-3D_glrlm_HighGrayLevelRunEmphasis_right_lung,log-sigma-4-0-mm-3D_glrlm_LongRunEmphasis_right_lung,log-sigma-4-0-mm-3D_glrlm_LongRunHighGrayLevelEmphasis_right_lung,log-sigma-4-0-mm-3D_glrlm_LongRunLowGrayLevelEmphasis_right_lung,log-sigma-4-0-mm-3D_glrlm_LowGrayLevelRunEmphasis_right_lung,log-sigma-4-0-mm-3D_glrlm_RunEntropy_right_lung,log-sigma-4-0-mm-3D_glrlm_RunLengthNonUniformity_right_lung,log-sigma-4-0-mm-3D_glrlm_RunLengthNonUniformityNormalized_right_lung,log-sigma-4-0-mm-3D_glrlm_RunPercentage_right_lung,log-sigma-4-0-mm-3D_glrlm_RunVariance_right_lung,log-sigma-4-0-mm-3D_glrlm_ShortRunEmphasis_right_lung,log-sigma-4-0-mm-3D_glrlm_ShortRunHighGrayLevelEmphasis_right_lung,log-sigma-4-0-mm-3D_glrlm_ShortRunLowGrayLevelEmphasis_right_lung,log-sigma-4-0-mm-3D_glszm_GrayLevelNonUniformity_right_lung,log-sigma-4-0-mm-3D_glszm_GrayLevelNonUniformityNormalized_right_lung,log-sigma-4-0-mm-3D_glszm_GrayLevelVariance_right_lung,log-sigma-4-0-mm-3D_glszm_HighGrayLevelZoneEmphasis_right_lung,log-sigma-4-0-mm-3D_glszm_LargeAreaEmphasis_right_lung,log-sigma-4-0-mm-3D_glszm_LargeAreaHighGrayLevelEmphasis_right_lung,log-sigma-4-0-mm-3D_glszm_LargeAreaLowGrayLevelEmphasis_right_lung,log-sigma-4-0-mm-3D_glszm_LowGrayLevelZoneEmphasis_right_lung,log-sigma-4-0-mm-3D_glszm_SizeZoneNonUniformity_right_lung,log-sigma-4-0-mm-3D_glszm_SizeZoneNonUniformityNormalized_right_lung,log-sigma-4-0-mm-3D_glszm_SmallAreaEmphasis_right_lung,log-sigma-4-0-mm-3D_glszm_SmallAreaHighGrayLevelEmphasis_right_lung,log-sigma-4-0-mm-3D_glszm_SmallAreaLowGrayLevelEmphasis_right_lung,log-sigma-4-0-mm-3D_glszm_ZoneEntropy_right_lung,log-sigma-4-0-mm-3D_glszm_ZonePercentage_right_lung,log-sigma-4-0-mm-3D_glszm_ZoneVariance_right_lung,log-sigma-4-0-mm-3D_gldm_DependenceEntropy_right_lung,log-sigma-4-0-mm-3D_gldm_DependenceNonUniformity_right_lung,log-sigma-4-0-mm-3D_gldm_DependenceNonUniformityNormalized_right_lung,log-sigma-4-0-mm-3D_gldm_DependenceVariance_right_lung,log-sigma-4-0-mm-3D_gldm_GrayLevelNonUniformity_right_lung,log-sigma-4-0-mm-3D_gldm_GrayLevelVariance_right_lung,log-sigma-4-0-mm-3D_gldm_HighGrayLevelEmphasis_right_lung,log-sigma-4-0-mm-3D_gldm_LargeDependenceEmphasis_right_lung,log-sigma-4-0-mm-3D_gldm_LargeDependenceHighGrayLevelEmphasis_right_lung,log-sigma-4-0-mm-3D_gldm_LargeDependenceLowGrayLevelEmphasis_right_lung,log-sigma-4-0-mm-3D_gldm_LowGrayLevelEmphasis_right_lung,log-sigma-4-0-mm-3D_gldm_SmallDependenceEmphasis_right_lung,log-sigma-4-0-mm-3D_gldm_SmallDependenceHighGrayLevelEmphasis_right_lung,log-sigma-4-0-mm-3D_gldm_SmallDependenceLowGrayLevelEmphasis_right_lung,log-sigma-4-0-mm-3D_ngtdm_Busyness_right_lung,log-sigma-4-0-mm-3D_ngtdm_Coarseness_right_lung,log-sigma-4-0-mm-3D_ngtdm_Complexity_right_lung,log-sigma-4-0-mm-3D_ngtdm_Contrast_right_lung,log-sigma-4-0-mm-3D_ngtdm_Strength_right_lung,log-sigma-5-0-mm-3D_firstorder_10Percentile_right_lung,log-sigma-5-0-mm-3D_firstorder_90Percentile_right_lung,log-sigma-5-0-mm-3D_firstorder_Energy_right_lung,log-sigma-5-0-mm-3D_firstorder_Entropy_right_lung,log-sigma-5-0-mm-3D_firstorder_InterquartileRange_right_lung,log-sigma-5-0-mm-3D_firstorder_Kurtosis_right_lung,log-sigma-5-0-mm-3D_firstorder_Maximum_right_lung,log-sigma-5-0-mm-3D_firstorder_MeanAbsoluteDeviation_right_lung,log-sigma-5-0-mm-3D_firstorder_Mean_right_lung,log-sigma-5-0-mm-3D_firstorder_Median_right_lung,log-sigma-5-0-mm-3D_firstorder_Minimum_right_lung,log-sigma-5-0-mm-3D_firstorder_Range_right_lung,log-sigma-5-0-mm-3D_firstorder_RobustMeanAbsoluteDeviation_right_lung,log-sigma-5-0-mm-3D_firstorder_RootMeanSquared_right_lung,log-sigma-5-0-mm-3D_firstorder_Skewness_right_lung,log-sigma-5-0-mm-3D_firstorder_TotalEnergy_right_lung,log-sigma-5-0-mm-3D_firstorder_Uniformity_right_lung,log-sigma-5-0-mm-3D_firstorder_Variance_right_lung,log-sigma-5-0-mm-3D_glcm_Autocorrelation_right_lung,log-sigma-5-0-mm-3D_glcm_ClusterProminence_right_lung,log-sigma-5-0-mm-3D_glcm_ClusterShade_right_lung,log-sigma-5-0-mm-3D_glcm_ClusterTendency_right_lung,log-sigma-5-0-mm-3D_glcm_Contrast_right_lung,log-sigma-5-0-mm-3D_glcm_Correlation_right_lung,log-sigma-5-0-mm-3D_glcm_DifferenceAverage_right_lung,log-sigma-5-0-mm-3D_glcm_DifferenceEntropy_right_lung,log-sigma-5-0-mm-3D_glcm_DifferenceVariance_right_lung,log-sigma-5-0-mm-3D_glcm_Id_right_lung,log-sigma-5-0-mm-3D_glcm_Idm_right_lung,log-sigma-5-0-mm-3D_glcm_Idmn_right_lung,log-sigma-5-0-mm-3D_glcm_Idn_right_lung,log-sigma-5-0-mm-3D_glcm_Imc1_right_lung,log-sigma-5-0-mm-3D_glcm_Imc2_right_lung,log-sigma-5-0-mm-3D_glcm_InverseVariance_right_lung,log-sigma-5-0-mm-3D_glcm_JointAverage_right_lung,log-sigma-5-0-mm-3D_glcm_JointEnergy_right_lung,log-sigma-5-0-mm-3D_glcm_JointEntropy_right_lung,log-sigma-5-0-mm-3D_glcm_MCC_right_lung,log-sigma-5-0-mm-3D_glcm_MaximumProbability_right_lung,log-sigma-5-0-mm-3D_glcm_SumAverage_right_lung,log-sigma-5-0-mm-3D_glcm_SumEntropy_right_lung,log-sigma-5-0-mm-3D_glcm_SumSquares_right_lung,log-sigma-5-0-mm-3D_glrlm_GrayLevelNonUniformity_right_lung,log-sigma-5-0-mm-3D_glrlm_GrayLevelNonUniformityNormalized_right_lung,log-sigma-5-0-mm-3D_glrlm_GrayLevelVariance_right_lung,log-sigma-5-0-mm-3D_glrlm_HighGrayLevelRunEmphasis_right_lung,log-sigma-5-0-mm-3D_glrlm_LongRunEmphasis_right_lung,log-sigma-5-0-mm-3D_glrlm_LongRunHighGrayLevelEmphasis_right_lung,log-sigma-5-0-mm-3D_glrlm_LongRunLowGrayLevelEmphasis_right_lung,log-sigma-5-0-mm-3D_glrlm_LowGrayLevelRunEmphasis_right_lung,log-sigma-5-0-mm-3D_glrlm_RunEntropy_right_lung,log-sigma-5-0-mm-3D_glrlm_RunLengthNonUniformity_right_lung,log-sigma-5-0-mm-3D_glrlm_RunLengthNonUniformityNormalized_right_lung,log-sigma-5-0-mm-3D_glrlm_RunPercentage_right_lung,log-sigma-5-0-mm-3D_glrlm_RunVariance_right_lung,log-sigma-5-0-mm-3D_glrlm_ShortRunEmphasis_right_lung,log-sigma-5-0-mm-3D_glrlm_ShortRunHighGrayLevelEmphasis_right_lung,log-sigma-5-0-mm-3D_glrlm_ShortRunLowGrayLevelEmphasis_right_lung,log-sigma-5-0-mm-3D_glszm_GrayLevelNonUniformity_right_lung,log-sigma-5-0-mm-3D_glszm_GrayLevelNonUniformityNormalized_right_lung,log-sigma-5-0-mm-3D_glszm_GrayLevelVariance_right_lung,log-sigma-5-0-mm-3D_glszm_HighGrayLevelZoneEmphasis_right_lung,log-sigma-5-0-mm-3D_glszm_LargeAreaEmphasis_right_lung,log-sigma-5-0-mm-3D_glszm_LargeAreaHighGrayLevelEmphasis_right_lung,log-sigma-5-0-mm-3D_glszm_LargeAreaLowGrayLevelEmphasis_right_lung,log-sigma-5-0-mm-3D_glszm_LowGrayLevelZoneEmphasis_right_lung,log-sigma-5-0-mm-3D_glszm_SizeZoneNonUniformity_right_lung,log-sigma-5-0-mm-3D_glszm_SizeZoneNonUniformityNormalized_right_lung,log-sigma-5-0-mm-3D_glszm_SmallAreaEmphasis_right_lung,log-sigma-5-0-mm-3D_glszm_SmallAreaHighGrayLevelEmphasis_right_lung,log-sigma-5-0-mm-3D_glszm_SmallAreaLowGrayLevelEmphasis_right_lung,log-sigma-5-0-mm-3D_glszm_ZoneEntropy_right_lung,log-sigma-5-0-mm-3D_glszm_ZonePercentage_right_lung,log-sigma-5-0-mm-3D_glszm_ZoneVariance_right_lung,log-sigma-5-0-mm-3D_gldm_DependenceEntropy_right_lung,log-sigma-5-0-mm-3D_gldm_DependenceNonUniformity_right_lung,log-sigma-5-0-mm-3D_gldm_DependenceNonUniformityNormalized_right_lung,log-sigma-5-0-mm-3D_gldm_DependenceVariance_right_lung,log-sigma-5-0-mm-3D_gldm_GrayLevelNonUniformity_right_lung,log-sigma-5-0-mm-3D_gldm_GrayLevelVariance_right_lung,log-sigma-5-0-mm-3D_gldm_HighGrayLevelEmphasis_right_lung,log-sigma-5-0-mm-3D_gldm_LargeDependenceEmphasis_right_lung,log-sigma-5-0-mm-3D_gldm_LargeDependenceHighGrayLevelEmphasis_right_lung,log-sigma-5-0-mm-3D_gldm_LargeDependenceLowGrayLevelEmphasis_right_lung,log-sigma-5-0-mm-3D_gldm_LowGrayLevelEmphasis_right_lung,log-sigma-5-0-mm-3D_gldm_SmallDependenceEmphasis_right_lung,log-sigma-5-0-mm-3D_gldm_SmallDependenceHighGrayLevelEmphasis_right_lung,log-sigma-5-0-mm-3D_gldm_SmallDependenceLowGrayLevelEmphasis_right_lung,log-sigma-5-0-mm-3D_ngtdm_Busyness_right_lung,log-sigma-5-0-mm-3D_ngtdm_Coarseness_right_lung,log-sigma-5-0-mm-3D_ngtdm_Complexity_right_lung,log-sigma-5-0-mm-3D_ngtdm_Contrast_right_lung,log-sigma-5-0-mm-3D_ngtdm_Strength_right_lung,original_shape_Elongation_left_lung,original_shape_Flatness_left_lung,original_shape_LeastAxisLength_left_lung,original_shape_MajorAxisLength_left_lung,original_shape_Maximum2DDiameterColumn_left_lung,original_shape_Maximum2DDiameterRow_left_lung,original_shape_Maximum2DDiameterSlice_left_lung,original_shape_Maximum3DDiameter_left_lung,original_shape_MeshVolume_left_lung,original_shape_MinorAxisLength_left_lung,original_shape_Sphericity_left_lung,original_shape_SurfaceArea_left_lung,original_shape_SurfaceVolumeRatio_left_lung,original_shape_VoxelVolume_left_lung,original_firstorder_10Percentile_left_lung,original_firstorder_90Percentile_left_lung,original_firstorder_Energy_left_lung,original_firstorder_Entropy_left_lung,original_firstorder_InterquartileRange_left_lung,original_firstorder_Kurtosis_left_lung,original_firstorder_Maximum_left_lung,original_firstorder_MeanAbsoluteDeviation_left_lung,original_firstorder_Mean_left_lung,original_firstorder_Median_left_lung,original_firstorder_Minimum_left_lung,original_firstorder_Range_left_lung,original_firstorder_RobustMeanAbsoluteDeviation_left_lung,original_firstorder_RootMeanSquared_left_lung,original_firstorder_Skewness_left_lung,original_firstorder_TotalEnergy_left_lung,original_firstorder_Uniformity_left_lung,original_firstorder_Variance_left_lung,original_glcm_Autocorrelation_left_lung,original_glcm_ClusterProminence_left_lung,original_glcm_ClusterShade_left_lung,original_glcm_ClusterTendency_left_lung,original_glcm_Contrast_left_lung,original_glcm_Correlation_left_lung,original_glcm_DifferenceAverage_left_lung,original_glcm_DifferenceEntropy_left_lung,original_glcm_DifferenceVariance_left_lung,original_glcm_Id_left_lung,original_glcm_Idm_left_lung,original_glcm_Idmn_left_lung,original_glcm_Idn_left_lung,original_glcm_Imc1_left_lung,original_glcm_Imc2_left_lung,original_glcm_InverseVariance_left_lung,original_glcm_JointAverage_left_lung,original_glcm_JointEnergy_left_lung,original_glcm_JointEntropy_left_lung,original_glcm_MCC_left_lung,original_glcm_MaximumProbability_left_lung,original_glcm_SumAverage_left_lung,original_glcm_SumEntropy_left_lung,original_glcm_SumSquares_left_lung,original_glrlm_GrayLevelNonUniformity_left_lung,original_glrlm_GrayLevelNonUniformityNormalized_left_lung,original_glrlm_GrayLevelVariance_left_lung,original_glrlm_HighGrayLevelRunEmphasis_left_lung,original_glrlm_LongRunEmphasis_left_lung,original_glrlm_LongRunHighGrayLevelEmphasis_left_lung,original_glrlm_LongRunLowGrayLevelEmphasis_left_lung,original_glrlm_LowGrayLevelRunEmphasis_left_lung,original_glrlm_RunEntropy_left_lung,original_glrlm_RunLengthNonUniformity_left_lung,original_glrlm_RunLengthNonUniformityNormalized_left_lung,original_glrlm_RunPercentage_left_lung,original_glrlm_RunVariance_left_lung,original_glrlm_ShortRunEmphasis_left_lung,original_glrlm_ShortRunHighGrayLevelEmphasis_left_lung,original_glrlm_ShortRunLowGrayLevelEmphasis_left_lung,original_glszm_GrayLevelNonUniformity_left_lung,original_glszm_GrayLevelNonUniformityNormalized_left_lung,original_glszm_GrayLevelVariance_left_lung,original_glszm_HighGrayLevelZoneEmphasis_left_lung,original_glszm_LargeAreaEmphasis_left_lung,original_glszm_LargeAreaHighGrayLevelEmphasis_left_lung,original_glszm_LargeAreaLowGrayLevelEmphasis_left_lung,original_glszm_LowGrayLevelZoneEmphasis_left_lung,original_glszm_SizeZoneNonUniformity_left_lung,original_glszm_SizeZoneNonUniformityNormalized_left_lung,original_glszm_SmallAreaEmphasis_left_lung,original_glszm_SmallAreaHighGrayLevelEmphasis_left_lung,original_glszm_SmallAreaLowGrayLevelEmphasis_left_lung,original_glszm_ZoneEntropy_left_lung,original_glszm_ZonePercentage_left_lung,original_glszm_ZoneVariance_left_lung,original_gldm_DependenceEntropy_left_lung,original_gldm_DependenceNonUniformity_left_lung,original_gldm_DependenceNonUniformityNormalized_left_lung,original_gldm_DependenceVariance_left_lung,original_gldm_GrayLevelNonUniformity_left_lung,original_gldm_GrayLevelVariance_left_lung,original_gldm_HighGrayLevelEmphasis_left_lung,original_gldm_LargeDependenceEmphasis_left_lung,original_gldm_LargeDependenceHighGrayLevelEmphasis_left_lung,original_gldm_LargeDependenceLowGrayLevelEmphasis_left_lung,original_gldm_LowGrayLevelEmphasis_left_lung,original_gldm_SmallDependenceEmphasis_left_lung,original_gldm_SmallDependenceHighGrayLevelEmphasis_left_lung,original_gldm_SmallDependenceLowGrayLevelEmphasis_left_lung,original_ngtdm_Busyness_left_lung,original_ngtdm_Coarseness_left_lung,original_ngtdm_Complexity_left_lung,original_ngtdm_Contrast_left_lung,original_ngtdm_Strength_left_lung,wavelet-LLH_firstorder_10Percentile_left_lung,wavelet-LLH_firstorder_90Percentile_left_lung,wavelet-LLH_firstorder_Energy_left_lung,wavelet-LLH_firstorder_Entropy_left_lung,wavelet-LLH_firstorder_InterquartileRange_left_lung,wavelet-LLH_firstorder_Kurtosis_left_lung,wavelet-LLH_firstorder_Maximum_left_lung,wavelet-LLH_firstorder_MeanAbsoluteDeviation_left_lung,wavelet-LLH_firstorder_Mean_left_lung,wavelet-LLH_firstorder_Median_left_lung,wavelet-LLH_firstorder_Minimum_left_lung,wavelet-LLH_firstorder_Range_left_lung,wavelet-LLH_firstorder_RobustMeanAbsoluteDeviation_left_lung,wavelet-LLH_firstorder_RootMeanSquared_left_lung,wavelet-LLH_firstorder_Skewness_left_lung,wavelet-LLH_firstorder_TotalEnergy_left_lung,wavelet-LLH_firstorder_Uniformity_left_lung,wavelet-LLH_firstorder_Variance_left_lung,wavelet-LLH_glcm_Autocorrelation_left_lung,wavelet-LLH_glcm_ClusterProminence_left_lung,wavelet-LLH_glcm_ClusterShade_left_lung,wavelet-LLH_glcm_ClusterTendency_left_lung,wavelet-LLH_glcm_Contrast_left_lung,wavelet-LLH_glcm_Correlation_left_lung,wavelet-LLH_glcm_DifferenceAverage_left_lung,wavelet-LLH_glcm_DifferenceEntropy_left_lung,wavelet-LLH_glcm_DifferenceVariance_left_lung,wavelet-LLH_glcm_Id_left_lung,wavelet-LLH_glcm_Idm_left_lung,wavelet-LLH_glcm_Idmn_left_lung,wavelet-LLH_glcm_Idn_left_lung,wavelet-LLH_glcm_Imc1_left_lung,wavelet-LLH_glcm_Imc2_left_lung,wavelet-LLH_glcm_InverseVariance_left_lung,wavelet-LLH_glcm_JointAverage_left_lung,wavelet-LLH_glcm_JointEnergy_left_lung,wavelet-LLH_glcm_JointEntropy_left_lung,wavelet-LLH_glcm_MCC_left_lung,wavelet-LLH_glcm_MaximumProbability_left_lung,wavelet-LLH_glcm_SumAverage_left_lung,wavelet-LLH_glcm_SumEntropy_left_lung,wavelet-LLH_glcm_SumSquares_left_lung,wavelet-LLH_glrlm_GrayLevelNonUniformity_left_lung,wavelet-LLH_glrlm_GrayLevelNonUniformityNormalized_left_lung,wavelet-LLH_glrlm_GrayLevelVariance_left_lung,wavelet-LLH_glrlm_HighGrayLevelRunEmphasis_left_lung,wavelet-LLH_glrlm_LongRunEmphasis_left_lung,wavelet-LLH_glrlm_LongRunHighGrayLevelEmphasis_left_lung,wavelet-LLH_glrlm_LongRunLowGrayLevelEmphasis_left_lung,wavelet-LLH_glrlm_LowGrayLevelRunEmphasis_left_lung,wavelet-LLH_glrlm_RunEntropy_left_lung,wavelet-LLH_glrlm_RunLengthNonUniformity_left_lung,wavelet-LLH_glrlm_RunLengthNonUniformityNormalized_left_lung,wavelet-LLH_glrlm_RunPercentage_left_lung,wavelet-LLH_glrlm_RunVariance_left_lung,wavelet-LLH_glrlm_ShortRunEmphasis_left_lung,wavelet-LLH_glrlm_ShortRunHighGrayLevelEmphasis_left_lung,wavelet-LLH_glrlm_ShortRunLowGrayLevelEmphasis_left_lung,wavelet-LLH_glszm_GrayLevelNonUniformity_left_lung,wavelet-LLH_glszm_GrayLevelNonUniformityNormalized_left_lung,wavelet-LLH_glszm_GrayLevelVariance_left_lung,wavelet-LLH_glszm_HighGrayLevelZoneEmphasis_left_lung,wavelet-LLH_glszm_LargeAreaEmphasis_left_lung,wavelet-LLH_glszm_LargeAreaHighGrayLevelEmphasis_left_lung,wavelet-LLH_glszm_LargeAreaLowGrayLevelEmphasis_left_lung,wavelet-LLH_glszm_LowGrayLevelZoneEmphasis_left_lung,wavelet-LLH_glszm_SizeZoneNonUniformity_left_lung,wavelet-LLH_glszm_SizeZoneNonUniformityNormalized_left_lung,wavelet-LLH_glszm_SmallAreaEmphasis_left_lung,wavelet-LLH_glszm_SmallAreaHighGrayLevelEmphasis_left_lung,wavelet-LLH_glszm_SmallAreaLowGrayLevelEmphasis_left_lung,wavelet-LLH_glszm_ZoneEntropy_left_lung,wavelet-LLH_glszm_ZonePercentage_left_lung,wavelet-LLH_glszm_ZoneVariance_left_lung,wavelet-LLH_gldm_DependenceEntropy_left_lung,wavelet-LLH_gldm_DependenceNonUniformity_left_lung,wavelet-LLH_gldm_DependenceNonUniformityNormalized_left_lung,wavelet-LLH_gldm_DependenceVariance_left_lung,wavelet-LLH_gldm_GrayLevelNonUniformity_left_lung,wavelet-LLH_gldm_GrayLevelVariance_left_lung,wavelet-LLH_gldm_HighGrayLevelEmphasis_left_lung,wavelet-LLH_gldm_LargeDependenceEmphasis_left_lung,wavelet-LLH_gldm_LargeDependenceHighGrayLevelEmphasis_left_lung,wavelet-LLH_gldm_LargeDependenceLowGrayLevelEmphasis_left_lung,wavelet-LLH_gldm_LowGrayLevelEmphasis_left_lung,wavelet-LLH_gldm_SmallDependenceEmphasis_left_lung,wavelet-LLH_gldm_SmallDependenceHighGrayLevelEmphasis_left_lung,wavelet-LLH_gldm_SmallDependenceLowGrayLevelEmphasis_left_lung,wavelet-LLH_ngtdm_Busyness_left_lung,wavelet-LLH_ngtdm_Coarseness_left_lung,wavelet-LLH_ngtdm_Complexity_left_lung,wavelet-LLH_ngtdm_Contrast_left_lung,wavelet-LLH_ngtdm_Strength_left_lung,wavelet-LHL_firstorder_10Percentile_left_lung,wavelet-LHL_firstorder_90Percentile_left_lung,wavelet-LHL_firstorder_Energy_left_lung,wavelet-LHL_firstorder_Entropy_left_lung,wavelet-LHL_firstorder_InterquartileRange_left_lung,wavelet-LHL_firstorder_Kurtosis_left_lung,wavelet-LHL_firstorder_Maximum_left_lung,wavelet-LHL_firstorder_MeanAbsoluteDeviation_left_lung,wavelet-LHL_firstorder_Mean_left_lung,wavelet-LHL_firstorder_Median_left_lung,wavelet-LHL_firstorder_Minimum_left_lung,wavelet-LHL_firstorder_Range_left_lung,wavelet-LHL_firstorder_RobustMeanAbsoluteDeviation_left_lung,wavelet-LHL_firstorder_RootMeanSquared_left_lung,wavelet-LHL_firstorder_Skewness_left_lung,wavelet-LHL_firstorder_TotalEnergy_left_lung,wavelet-LHL_firstorder_Uniformity_left_lung,wavelet-LHL_firstorder_Variance_left_lung,wavelet-LHL_glcm_Autocorrelation_left_lung,wavelet-LHL_glcm_ClusterProminence_left_lung,wavelet-LHL_glcm_ClusterShade_left_lung,wavelet-LHL_glcm_ClusterTendency_left_lung,wavelet-LHL_glcm_Contrast_left_lung,wavelet-LHL_glcm_Correlation_left_lung,wavelet-LHL_glcm_DifferenceAverage_left_lung,wavelet-LHL_glcm_DifferenceEntropy_left_lung,wavelet-LHL_glcm_DifferenceVariance_left_lung,wavelet-LHL_glcm_Id_left_lung,wavelet-LHL_glcm_Idm_left_lung,wavelet-LHL_glcm_Idmn_left_lung,wavelet-LHL_glcm_Idn_left_lung,wavelet-LHL_glcm_Imc1_left_lung,wavelet-LHL_glcm_Imc2_left_lung,wavelet-LHL_glcm_InverseVariance_left_lung,wavelet-LHL_glcm_JointAverage_left_lung,wavelet-LHL_glcm_JointEnergy_left_lung,wavelet-LHL_glcm_JointEntropy_left_lung,wavelet-LHL_glcm_MCC_left_lung,wavelet-LHL_glcm_MaximumProbability_left_lung,wavelet-LHL_glcm_SumAverage_left_lung,wavelet-LHL_glcm_SumEntropy_left_lung,wavelet-LHL_glcm_SumSquares_left_lung,wavelet-LHL_glrlm_GrayLevelNonUniformity_left_lung,wavelet-LHL_glrlm_GrayLevelNonUniformityNormalized_left_lung,wavelet-LHL_glrlm_GrayLevelVariance_left_lung,wavelet-LHL_glrlm_HighGrayLevelRunEmphasis_left_lung,wavelet-LHL_glrlm_LongRunEmphasis_left_lung,wavelet-LHL_glrlm_LongRunHighGrayLevelEmphasis_left_lung,wavelet-LHL_glrlm_LongRunLowGrayLevelEmphasis_left_lung,wavelet-LHL_glrlm_LowGrayLevelRunEmphasis_left_lung,wavelet-LHL_glrlm_RunEntropy_left_lung,wavelet-LHL_glrlm_RunLengthNonUniformity_left_lung,wavelet-LHL_glrlm_RunLengthNonUniformityNormalized_left_lung,wavelet-LHL_glrlm_RunPercentage_left_lung,wavelet-LHL_glrlm_RunVariance_left_lung,wavelet-LHL_glrlm_ShortRunEmphasis_left_lung,wavelet-LHL_glrlm_ShortRunHighGrayLevelEmphasis_left_lung,wavelet-LHL_glrlm_ShortRunLowGrayLevelEmphasis_left_lung,wavelet-LHL_glszm_GrayLevelNonUniformity_left_lung,wavelet-LHL_glszm_GrayLevelNonUniformityNormalized_left_lung,wavelet-LHL_glszm_GrayLevelVariance_left_lung,wavelet-LHL_glszm_HighGrayLevelZoneEmphasis_left_lung,wavelet-LHL_glszm_LargeAreaEmphasis_left_lung,wavelet-LHL_glszm_LargeAreaHighGrayLevelEmphasis_left_lung,wavelet-LHL_glszm_LargeAreaLowGrayLevelEmphasis_left_lung,wavelet-LHL_glszm_LowGrayLevelZoneEmphasis_left_lung,wavelet-LHL_glszm_SizeZoneNonUniformity_left_lung,wavelet-LHL_glszm_SizeZoneNonUniformityNormalized_left_lung,wavelet-LHL_glszm_SmallAreaEmphasis_left_lung,wavelet-LHL_glszm_SmallAreaHighGrayLevelEmphasis_left_lung,wavelet-LHL_glszm_SmallAreaLowGrayLevelEmphasis_left_lung,wavelet-LHL_glszm_ZoneEntropy_left_lung,wavelet-LHL_glszm_ZonePercentage_left_lung,wavelet-LHL_glszm_ZoneVariance_left_lung,wavelet-LHL_gldm_DependenceEntropy_left_lung,wavelet-LHL_gldm_DependenceNonUniformity_left_lung,wavelet-LHL_gldm_DependenceNonUniformityNormalized_left_lung,wavelet-LHL_gldm_DependenceVariance_left_lung,wavelet-LHL_gldm_GrayLevelNonUniformity_left_lung,wavelet-LHL_gldm_GrayLevelVariance_left_lung,wavelet-LHL_gldm_HighGrayLevelEmphasis_left_lung,wavelet-LHL_gldm_LargeDependenceEmphasis_left_lung,wavelet-LHL_gldm_LargeDependenceHighGrayLevelEmphasis_left_lung,wavelet-LHL_gldm_LargeDependenceLowGrayLevelEmphasis_left_lung,wavelet-LHL_gldm_LowGrayLevelEmphasis_left_lung,wavelet-LHL_gldm_SmallDependenceEmphasis_left_lung,wavelet-LHL_gldm_SmallDependenceHighGrayLevelEmphasis_left_lung,wavelet-LHL_gldm_SmallDependenceLowGrayLevelEmphasis_left_lung,wavelet-LHL_ngtdm_Busyness_left_lung,wavelet-LHL_ngtdm_Coarseness_left_lung,wavelet-LHL_ngtdm_Complexity_left_lung,wavelet-LHL_ngtdm_Contrast_left_lung,wavelet-LHL_ngtdm_Strength_left_lung,wavelet-LHH_firstorder_10Percentile_left_lung,wavelet-LHH_firstorder_90Percentile_left_lung,wavelet-LHH_firstorder_Energy_left_lung,wavelet-LHH_firstorder_Entropy_left_lung,wavelet-LHH_firstorder_InterquartileRange_left_lung,wavelet-LHH_firstorder_Kurtosis_left_lung,wavelet-LHH_firstorder_Maximum_left_lung,wavelet-LHH_firstorder_MeanAbsoluteDeviation_left_lung,wavelet-LHH_firstorder_Mean_left_lung,wavelet-LHH_firstorder_Median_left_lung,wavelet-LHH_firstorder_Minimum_left_lung,wavelet-LHH_firstorder_Range_left_lung,wavelet-LHH_firstorder_RobustMeanAbsoluteDeviation_left_lung,wavelet-LHH_firstorder_RootMeanSquared_left_lung,wavelet-LHH_firstorder_Skewness_left_lung,wavelet-LHH_firstorder_TotalEnergy_left_lung,wavelet-LHH_firstorder_Uniformity_left_lung,wavelet-LHH_firstorder_Variance_left_lung,wavelet-LHH_glcm_Autocorrelation_left_lung,wavelet-LHH_glcm_ClusterProminence_left_lung,wavelet-LHH_glcm_ClusterShade_left_lung,wavelet-LHH_glcm_ClusterTendency_left_lung,wavelet-LHH_glcm_Contrast_left_lung,wavelet-LHH_glcm_Correlation_left_lung,wavelet-LHH_glcm_DifferenceAverage_left_lung,wavelet-LHH_glcm_DifferenceEntropy_left_lung,wavelet-LHH_glcm_DifferenceVariance_left_lung,wavelet-LHH_glcm_Id_left_lung,wavelet-LHH_glcm_Idm_left_lung,wavelet-LHH_glcm_Idmn_left_lung,wavelet-LHH_glcm_Idn_left_lung,wavelet-LHH_glcm_Imc1_left_lung,wavelet-LHH_glcm_Imc2_left_lung,wavelet-LHH_glcm_InverseVariance_left_lung,wavelet-LHH_glcm_JointAverage_left_lung,wavelet-LHH_glcm_JointEnergy_left_lung,wavelet-LHH_glcm_JointEntropy_left_lung,wavelet-LHH_glcm_MCC_left_lung,wavelet-LHH_glcm_MaximumProbability_left_lung,wavelet-LHH_glcm_SumAverage_left_lung,wavelet-LHH_glcm_SumEntropy_left_lung,wavelet-LHH_glcm_SumSquares_left_lung,wavelet-LHH_glrlm_GrayLevelNonUniformity_left_lung,wavelet-LHH_glrlm_GrayLevelNonUniformityNormalized_left_lung,wavelet-LHH_glrlm_GrayLevelVariance_left_lung,wavelet-LHH_glrlm_HighGrayLevelRunEmphasis_left_lung,wavelet-LHH_glrlm_LongRunEmphasis_left_lung,wavelet-LHH_glrlm_LongRunHighGrayLevelEmphasis_left_lung,wavelet-LHH_glrlm_LongRunLowGrayLevelEmphasis_left_lung,wavelet-LHH_glrlm_LowGrayLevelRunEmphasis_left_lung,wavelet-LHH_glrlm_RunEntropy_left_lung,wavelet-LHH_glrlm_RunLengthNonUniformity_left_lung,wavelet-LHH_glrlm_RunLengthNonUniformityNormalized_left_lung,wavelet-LHH_glrlm_RunPercentage_left_lung,wavelet-LHH_glrlm_RunVariance_left_lung,wavelet-LHH_glrlm_ShortRunEmphasis_left_lung,wavelet-LHH_glrlm_ShortRunHighGrayLevelEmphasis_left_lung,wavelet-LHH_glrlm_ShortRunLowGrayLevelEmphasis_left_lung,wavelet-LHH_glszm_GrayLevelNonUniformity_left_lung,wavelet-LHH_glszm_GrayLevelNonUniformityNormalized_left_lung,wavelet-LHH_glszm_GrayLevelVariance_left_lung,wavelet-LHH_glszm_HighGrayLevelZoneEmphasis_left_lung,wavelet-LHH_glszm_LargeAreaEmphasis_left_lung,wavelet-LHH_glszm_LargeAreaHighGrayLevelEmphasis_left_lung,wavelet-LHH_glszm_LargeAreaLowGrayLevelEmphasis_left_lung,wavelet-LHH_glszm_LowGrayLevelZoneEmphasis_left_lung,wavelet-LHH_glszm_SizeZoneNonUniformity_left_lung,wavelet-LHH_glszm_SizeZoneNonUniformityNormalized_left_lung,wavelet-LHH_glszm_SmallAreaEmphasis_left_lung,wavelet-LHH_glszm_SmallAreaHighGrayLevelEmphasis_left_lung,wavelet-LHH_glszm_SmallAreaLowGrayLevelEmphasis_left_lung,wavelet-LHH_glszm_ZoneEntropy_left_lung,wavelet-LHH_glszm_ZonePercentage_left_lung,wavelet-LHH_glszm_ZoneVariance_left_lung,wavelet-LHH_gldm_DependenceEntropy_left_lung,wavelet-LHH_gldm_DependenceNonUniformity_left_lung,wavelet-LHH_gldm_DependenceNonUniformityNormalized_left_lung,wavelet-LHH_gldm_DependenceVariance_left_lung,wavelet-LHH_gldm_GrayLevelNonUniformity_left_lung,wavelet-LHH_gldm_GrayLevelVariance_left_lung,wavelet-LHH_gldm_HighGrayLevelEmphasis_left_lung,wavelet-LHH_gldm_LargeDependenceEmphasis_left_lung,wavelet-LHH_gldm_LargeDependenceHighGrayLevelEmphasis_left_lung,wavelet-LHH_gldm_LargeDependenceLowGrayLevelEmphasis_left_lung,wavelet-LHH_gldm_LowGrayLevelEmphasis_left_lung,wavelet-LHH_gldm_SmallDependenceEmphasis_left_lung,wavelet-LHH_gldm_SmallDependenceHighGrayLevelEmphasis_left_lung,wavelet-LHH_gldm_SmallDependenceLowGrayLevelEmphasis_left_lung,wavelet-LHH_ngtdm_Busyness_left_lung,wavelet-LHH_ngtdm_Coarseness_left_lung,wavelet-LHH_ngtdm_Complexity_left_lung,wavelet-LHH_ngtdm_Contrast_left_lung,wavelet-LHH_ngtdm_Strength_left_lung,wavelet-HLL_firstorder_10Percentile_left_lung,wavelet-HLL_firstorder_90Percentile_left_lung,wavelet-HLL_firstorder_Energy_left_lung,wavelet-HLL_firstorder_Entropy_left_lung,wavelet-HLL_firstorder_InterquartileRange_left_lung,wavelet-HLL_firstorder_Kurtosis_left_lung,wavelet-HLL_firstorder_Maximum_left_lung,wavelet-HLL_firstorder_MeanAbsoluteDeviation_left_lung,wavelet-HLL_firstorder_Mean_left_lung,wavelet-HLL_firstorder_Median_left_lung,wavelet-HLL_firstorder_Minimum_left_lung,wavelet-HLL_firstorder_Range_left_lung,wavelet-HLL_firstorder_RobustMeanAbsoluteDeviation_left_lung,wavelet-HLL_firstorder_RootMeanSquared_left_lung,wavelet-HLL_firstorder_Skewness_left_lung,wavelet-HLL_firstorder_TotalEnergy_left_lung,wavelet-HLL_firstorder_Uniformity_left_lung,wavelet-HLL_firstorder_Variance_left_lung,wavelet-HLL_glcm_Autocorrelation_left_lung,wavelet-HLL_glcm_ClusterProminence_left_lung,wavelet-HLL_glcm_ClusterShade_left_lung,wavelet-HLL_glcm_ClusterTendency_left_lung,wavelet-HLL_glcm_Contrast_left_lung,wavelet-HLL_glcm_Correlation_left_lung,wavelet-HLL_glcm_DifferenceAverage_left_lung,wavelet-HLL_glcm_DifferenceEntropy_left_lung,wavelet-HLL_glcm_DifferenceVariance_left_lung,wavelet-HLL_glcm_Id_left_lung,wavelet-HLL_glcm_Idm_left_lung,wavelet-HLL_glcm_Idmn_left_lung,wavelet-HLL_glcm_Idn_left_lung,wavelet-HLL_glcm_Imc1_left_lung,wavelet-HLL_glcm_Imc2_left_lung,wavelet-HLL_glcm_InverseVariance_left_lung,wavelet-HLL_glcm_JointAverage_left_lung,wavelet-HLL_glcm_JointEnergy_left_lung,wavelet-HLL_glcm_JointEntropy_left_lung,wavelet-HLL_glcm_MCC_left_lung,wavelet-HLL_glcm_MaximumProbability_left_lung,wavelet-HLL_glcm_SumAverage_left_lung,wavelet-HLL_glcm_SumEntropy_left_lung,wavelet-HLL_glcm_SumSquares_left_lung,wavelet-HLL_glrlm_GrayLevelNonUniformity_left_lung,wavelet-HLL_glrlm_GrayLevelNonUniformityNormalized_left_lung,wavelet-HLL_glrlm_GrayLevelVariance_left_lung,wavelet-HLL_glrlm_HighGrayLevelRunEmphasis_left_lung,wavelet-HLL_glrlm_LongRunEmphasis_left_lung,wavelet-HLL_glrlm_LongRunHighGrayLevelEmphasis_left_lung,wavelet-HLL_glrlm_LongRunLowGrayLevelEmphasis_left_lung,wavelet-HLL_glrlm_LowGrayLevelRunEmphasis_left_lung,wavelet-HLL_glrlm_RunEntropy_left_lung,wavelet-HLL_glrlm_RunLengthNonUniformity_left_lung,wavelet-HLL_glrlm_RunLengthNonUniformityNormalized_left_lung,wavelet-HLL_glrlm_RunPercentage_left_lung,wavelet-HLL_glrlm_RunVariance_left_lung,wavelet-HLL_glrlm_ShortRunEmphasis_left_lung,wavelet-HLL_glrlm_ShortRunHighGrayLevelEmphasis_left_lung,wavelet-HLL_glrlm_ShortRunLowGrayLevelEmphasis_left_lung,wavelet-HLL_glszm_GrayLevelNonUniformity_left_lung,wavelet-HLL_glszm_GrayLevelNonUniformityNormalized_left_lung,wavelet-HLL_glszm_GrayLevelVariance_left_lung,wavelet-HLL_glszm_HighGrayLevelZoneEmphasis_left_lung,wavelet-HLL_glszm_LargeAreaEmphasis_left_lung,wavelet-HLL_glszm_LargeAreaHighGrayLevelEmphasis_left_lung,wavelet-HLL_glszm_LargeAreaLowGrayLevelEmphasis_left_lung,wavelet-HLL_glszm_LowGrayLevelZoneEmphasis_left_lung,wavelet-HLL_glszm_SizeZoneNonUniformity_left_lung,wavelet-HLL_glszm_SizeZoneNonUniformityNormalized_left_lung,wavelet-HLL_glszm_SmallAreaEmphasis_left_lung,wavelet-HLL_glszm_SmallAreaHighGrayLevelEmphasis_left_lung,wavelet-HLL_glszm_SmallAreaLowGrayLevelEmphasis_left_lung,wavelet-HLL_glszm_ZoneEntropy_left_lung,wavelet-HLL_glszm_ZonePercentage_left_lung,wavelet-HLL_glszm_ZoneVariance_left_lung,wavelet-HLL_gldm_DependenceEntropy_left_lung,wavelet-HLL_gldm_DependenceNonUniformity_left_lung,wavelet-HLL_gldm_DependenceNonUniformityNormalized_left_lung,wavelet-HLL_gldm_DependenceVariance_left_lung,wavelet-HLL_gldm_GrayLevelNonUniformity_left_lung,wavelet-HLL_gldm_GrayLevelVariance_left_lung,wavelet-HLL_gldm_HighGrayLevelEmphasis_left_lung,wavelet-HLL_gldm_LargeDependenceEmphasis_left_lung,wavelet-HLL_gldm_LargeDependenceHighGrayLevelEmphasis_left_lung,wavelet-HLL_gldm_LargeDependenceLowGrayLevelEmphasis_left_lung,wavelet-HLL_gldm_LowGrayLevelEmphasis_left_lung,wavelet-HLL_gldm_SmallDependenceEmphasis_left_lung,wavelet-HLL_gldm_SmallDependenceHighGrayLevelEmphasis_left_lung,wavelet-HLL_gldm_SmallDependenceLowGrayLevelEmphasis_left_lung,wavelet-HLL_ngtdm_Busyness_left_lung,wavelet-HLL_ngtdm_Coarseness_left_lung,wavelet-HLL_ngtdm_Complexity_left_lung,wavelet-HLL_ngtdm_Contrast_left_lung,wavelet-HLL_ngtdm_Strength_left_lung,wavelet-HLH_firstorder_10Percentile_left_lung,wavelet-HLH_firstorder_90Percentile_left_lung,wavelet-HLH_firstorder_Energy_left_lung,wavelet-HLH_firstorder_Entropy_left_lung,wavelet-HLH_firstorder_InterquartileRange_left_lung,wavelet-HLH_firstorder_Kurtosis_left_lung,wavelet-HLH_firstorder_Maximum_left_lung,wavelet-HLH_firstorder_MeanAbsoluteDeviation_left_lung,wavelet-HLH_firstorder_Mean_left_lung,wavelet-HLH_firstorder_Median_left_lung,wavelet-HLH_firstorder_Minimum_left_lung,wavelet-HLH_firstorder_Range_left_lung,wavelet-HLH_firstorder_RobustMeanAbsoluteDeviation_left_lung,wavelet-HLH_firstorder_RootMeanSquared_left_lung,wavelet-HLH_firstorder_Skewness_left_lung,wavelet-HLH_firstorder_TotalEnergy_left_lung,wavelet-HLH_firstorder_Uniformity_left_lung,wavelet-HLH_firstorder_Variance_left_lung,wavelet-HLH_glcm_Autocorrelation_left_lung,wavelet-HLH_glcm_ClusterProminence_left_lung,wavelet-HLH_glcm_ClusterShade_left_lung,wavelet-HLH_glcm_ClusterTendency_left_lung,wavelet-HLH_glcm_Contrast_left_lung,wavelet-HLH_glcm_Correlation_left_lung,wavelet-HLH_glcm_DifferenceAverage_left_lung,wavelet-HLH_glcm_DifferenceEntropy_left_lung,wavelet-HLH_glcm_DifferenceVariance_left_lung,wavelet-HLH_glcm_Id_left_lung,wavelet-HLH_glcm_Idm_left_lung,wavelet-HLH_glcm_Idmn_left_lung,wavelet-HLH_glcm_Idn_left_lung,wavelet-HLH_glcm_Imc1_left_lung,wavelet-HLH_glcm_Imc2_left_lung,wavelet-HLH_glcm_InverseVariance_left_lung,wavelet-HLH_glcm_JointAverage_left_lung,wavelet-HLH_glcm_JointEnergy_left_lung,wavelet-HLH_glcm_JointEntropy_left_lung,wavelet-HLH_glcm_MCC_left_lung,wavelet-HLH_glcm_MaximumProbability_left_lung,wavelet-HLH_glcm_SumAverage_left_lung,wavelet-HLH_glcm_SumEntropy_left_lung,wavelet-HLH_glcm_SumSquares_left_lung,wavelet-HLH_glrlm_GrayLevelNonUniformity_left_lung,wavelet-HLH_glrlm_GrayLevelNonUniformityNormalized_left_lung,wavelet-HLH_glrlm_GrayLevelVariance_left_lung,wavelet-HLH_glrlm_HighGrayLevelRunEmphasis_left_lung,wavelet-HLH_glrlm_LongRunEmphasis_left_lung,wavelet-HLH_glrlm_LongRunHighGrayLevelEmphasis_left_lung,wavelet-HLH_glrlm_LongRunLowGrayLevelEmphasis_left_lung,wavelet-HLH_glrlm_LowGrayLevelRunEmphasis_left_lung,wavelet-HLH_glrlm_RunEntropy_left_lung,wavelet-HLH_glrlm_RunLengthNonUniformity_left_lung,wavelet-HLH_glrlm_RunLengthNonUniformityNormalized_left_lung,wavelet-HLH_glrlm_RunPercentage_left_lung,wavelet-HLH_glrlm_RunVariance_left_lung,wavelet-HLH_glrlm_ShortRunEmphasis_left_lung,wavelet-HLH_glrlm_ShortRunHighGrayLevelEmphasis_left_lung,wavelet-HLH_glrlm_ShortRunLowGrayLevelEmphasis_left_lung,wavelet-HLH_glszm_GrayLevelNonUniformity_left_lung,wavelet-HLH_glszm_GrayLevelNonUniformityNormalized_left_lung,wavelet-HLH_glszm_GrayLevelVariance_left_lung,wavelet-HLH_glszm_HighGrayLevelZoneEmphasis_left_lung,wavelet-HLH_glszm_LargeAreaEmphasis_left_lung,wavelet-HLH_glszm_LargeAreaHighGrayLevelEmphasis_left_lung,wavelet-HLH_glszm_LargeAreaLowGrayLevelEmphasis_left_lung,wavelet-HLH_glszm_LowGrayLevelZoneEmphasis_left_lung,wavelet-HLH_glszm_SizeZoneNonUniformity_left_lung,wavelet-HLH_glszm_SizeZoneNonUniformityNormalized_left_lung,wavelet-HLH_glszm_SmallAreaEmphasis_left_lung,wavelet-HLH_glszm_SmallAreaHighGrayLevelEmphasis_left_lung,wavelet-HLH_glszm_SmallAreaLowGrayLevelEmphasis_left_lung,wavelet-HLH_glszm_ZoneEntropy_left_lung,wavelet-HLH_glszm_ZonePercentage_left_lung,wavelet-HLH_glszm_ZoneVariance_left_lung,wavelet-HLH_gldm_DependenceEntropy_left_lung,wavelet-HLH_gldm_DependenceNonUniformity_left_lung,wavelet-HLH_gldm_DependenceNonUniformityNormalized_left_lung,wavelet-HLH_gldm_DependenceVariance_left_lung,wavelet-HLH_gldm_GrayLevelNonUniformity_left_lung,wavelet-HLH_gldm_GrayLevelVariance_left_lung,wavelet-HLH_gldm_HighGrayLevelEmphasis_left_lung,wavelet-HLH_gldm_LargeDependenceEmphasis_left_lung,wavelet-HLH_gldm_LargeDependenceHighGrayLevelEmphasis_left_lung,wavelet-HLH_gldm_LargeDependenceLowGrayLevelEmphasis_left_lung,wavelet-HLH_gldm_LowGrayLevelEmphasis_left_lung,wavelet-HLH_gldm_SmallDependenceEmphasis_left_lung,wavelet-HLH_gldm_SmallDependenceHighGrayLevelEmphasis_left_lung,wavelet-HLH_gldm_SmallDependenceLowGrayLevelEmphasis_left_lung,wavelet-HLH_ngtdm_Busyness_left_lung,wavelet-HLH_ngtdm_Coarseness_left_lung,wavelet-HLH_ngtdm_Complexity_left_lung,wavelet-HLH_ngtdm_Contrast_left_lung,wavelet-HLH_ngtdm_Strength_left_lung,wavelet-HHL_firstorder_10Percentile_left_lung,wavelet-HHL_firstorder_90Percentile_left_lung,wavelet-HHL_firstorder_Energy_left_lung,wavelet-HHL_firstorder_Entropy_left_lung,wavelet-HHL_firstorder_InterquartileRange_left_lung,wavelet-HHL_firstorder_Kurtosis_left_lung,wavelet-HHL_firstorder_Maximum_left_lung,wavelet-HHL_firstorder_MeanAbsoluteDeviation_left_lung,wavelet-HHL_firstorder_Mean_left_lung,wavelet-HHL_firstorder_Median_left_lung,wavelet-HHL_firstorder_Minimum_left_lung,wavelet-HHL_firstorder_Range_left_lung,wavelet-HHL_firstorder_RobustMeanAbsoluteDeviation_left_lung,wavelet-HHL_firstorder_RootMeanSquared_left_lung,wavelet-HHL_firstorder_Skewness_left_lung,wavelet-HHL_firstorder_TotalEnergy_left_lung,wavelet-HHL_firstorder_Uniformity_left_lung,wavelet-HHL_firstorder_Variance_left_lung,wavelet-HHL_glcm_Autocorrelation_left_lung,wavelet-HHL_glcm_ClusterProminence_left_lung,wavelet-HHL_glcm_ClusterShade_left_lung,wavelet-HHL_glcm_ClusterTendency_left_lung,wavelet-HHL_glcm_Contrast_left_lung,wavelet-HHL_glcm_Correlation_left_lung,wavelet-HHL_glcm_DifferenceAverage_left_lung,wavelet-HHL_glcm_DifferenceEntropy_left_lung,wavelet-HHL_glcm_DifferenceVariance_left_lung,wavelet-HHL_glcm_Id_left_lung,wavelet-HHL_glcm_Idm_left_lung,wavelet-HHL_glcm_Idmn_left_lung,wavelet-HHL_glcm_Idn_left_lung,wavelet-HHL_glcm_Imc1_left_lung,wavelet-HHL_glcm_Imc2_left_lung,wavelet-HHL_glcm_InverseVariance_left_lung,wavelet-HHL_glcm_JointAverage_left_lung,wavelet-HHL_glcm_JointEnergy_left_lung,wavelet-HHL_glcm_JointEntropy_left_lung,wavelet-HHL_glcm_MCC_left_lung,wavelet-HHL_glcm_MaximumProbability_left_lung,wavelet-HHL_glcm_SumAverage_left_lung,wavelet-HHL_glcm_SumEntropy_left_lung,wavelet-HHL_glcm_SumSquares_left_lung,wavelet-HHL_glrlm_GrayLevelNonUniformity_left_lung,wavelet-HHL_glrlm_GrayLevelNonUniformityNormalized_left_lung,wavelet-HHL_glrlm_GrayLevelVariance_left_lung,wavelet-HHL_glrlm_HighGrayLevelRunEmphasis_left_lung,wavelet-HHL_glrlm_LongRunEmphasis_left_lung,wavelet-HHL_glrlm_LongRunHighGrayLevelEmphasis_left_lung,wavelet-HHL_glrlm_LongRunLowGrayLevelEmphasis_left_lung,wavelet-HHL_glrlm_LowGrayLevelRunEmphasis_left_lung,wavelet-HHL_glrlm_RunEntropy_left_lung,wavelet-HHL_glrlm_RunLengthNonUniformity_left_lung,wavelet-HHL_glrlm_RunLengthNonUniformityNormalized_left_lung,wavelet-HHL_glrlm_RunPercentage_left_lung,wavelet-HHL_glrlm_RunVariance_left_lung,wavelet-HHL_glrlm_ShortRunEmphasis_left_lung,wavelet-HHL_glrlm_ShortRunHighGrayLevelEmphasis_left_lung,wavelet-HHL_glrlm_ShortRunLowGrayLevelEmphasis_left_lung,wavelet-HHL_glszm_GrayLevelNonUniformity_left_lung,wavelet-HHL_glszm_GrayLevelNonUniformityNormalized_left_lung,wavelet-HHL_glszm_GrayLevelVariance_left_lung,wavelet-HHL_glszm_HighGrayLevelZoneEmphasis_left_lung,wavelet-HHL_glszm_LargeAreaEmphasis_left_lung,wavelet-HHL_glszm_LargeAreaHighGrayLevelEmphasis_left_lung,wavelet-HHL_glszm_LargeAreaLowGrayLevelEmphasis_left_lung,wavelet-HHL_glszm_LowGrayLevelZoneEmphasis_left_lung,wavelet-HHL_glszm_SizeZoneNonUniformity_left_lung,wavelet-HHL_glszm_SizeZoneNonUniformityNormalized_left_lung,wavelet-HHL_glszm_SmallAreaEmphasis_left_lung,wavelet-HHL_glszm_SmallAreaHighGrayLevelEmphasis_left_lung,wavelet-HHL_glszm_SmallAreaLowGrayLevelEmphasis_left_lung,wavelet-HHL_glszm_ZoneEntropy_left_lung,wavelet-HHL_glszm_ZonePercentage_left_lung,wavelet-HHL_glszm_ZoneVariance_left_lung,wavelet-HHL_gldm_DependenceEntropy_left_lung,wavelet-HHL_gldm_DependenceNonUniformity_left_lung,wavelet-HHL_gldm_DependenceNonUniformityNormalized_left_lung,wavelet-HHL_gldm_DependenceVariance_left_lung,wavelet-HHL_gldm_GrayLevelNonUniformity_left_lung,wavelet-HHL_gldm_GrayLevelVariance_left_lung,wavelet-HHL_gldm_HighGrayLevelEmphasis_left_lung,wavelet-HHL_gldm_LargeDependenceEmphasis_left_lung,wavelet-HHL_gldm_LargeDependenceHighGrayLevelEmphasis_left_lung,wavelet-HHL_gldm_LargeDependenceLowGrayLevelEmphasis_left_lung,wavelet-HHL_gldm_LowGrayLevelEmphasis_left_lung,wavelet-HHL_gldm_SmallDependenceEmphasis_left_lung,wavelet-HHL_gldm_SmallDependenceHighGrayLevelEmphasis_left_lung,wavelet-HHL_gldm_SmallDependenceLowGrayLevelEmphasis_left_lung,wavelet-HHL_ngtdm_Busyness_left_lung,wavelet-HHL_ngtdm_Coarseness_left_lung,wavelet-HHL_ngtdm_Complexity_left_lung,wavelet-HHL_ngtdm_Contrast_left_lung,wavelet-HHL_ngtdm_Strength_left_lung,wavelet-HHH_firstorder_10Percentile_left_lung,wavelet-HHH_firstorder_90Percentile_left_lung,wavelet-HHH_firstorder_Energy_left_lung,wavelet-HHH_firstorder_Entropy_left_lung,wavelet-HHH_firstorder_InterquartileRange_left_lung,wavelet-HHH_firstorder_Kurtosis_left_lung,wavelet-HHH_firstorder_Maximum_left_lung,wavelet-HHH_firstorder_MeanAbsoluteDeviation_left_lung,wavelet-HHH_firstorder_Mean_left_lung,wavelet-HHH_firstorder_Median_left_lung,wavelet-HHH_firstorder_Minimum_left_lung,wavelet-HHH_firstorder_Range_left_lung,wavelet-HHH_firstorder_RobustMeanAbsoluteDeviation_left_lung,wavelet-HHH_firstorder_RootMeanSquared_left_lung,wavelet-HHH_firstorder_Skewness_left_lung,wavelet-HHH_firstorder_TotalEnergy_left_lung,wavelet-HHH_firstorder_Uniformity_left_lung,wavelet-HHH_firstorder_Variance_left_lung,wavelet-HHH_glcm_Autocorrelation_left_lung,wavelet-HHH_glcm_ClusterProminence_left_lung,wavelet-HHH_glcm_ClusterShade_left_lung,wavelet-HHH_glcm_ClusterTendency_left_lung,wavelet-HHH_glcm_Contrast_left_lung,wavelet-HHH_glcm_Correlation_left_lung,wavelet-HHH_glcm_DifferenceAverage_left_lung,wavelet-HHH_glcm_DifferenceEntropy_left_lung,wavelet-HHH_glcm_DifferenceVariance_left_lung,wavelet-HHH_glcm_Id_left_lung,wavelet-HHH_glcm_Idm_left_lung,wavelet-HHH_glcm_Idmn_left_lung,wavelet-HHH_glcm_Idn_left_lung,wavelet-HHH_glcm_Imc1_left_lung,wavelet-HHH_glcm_Imc2_left_lung,wavelet-HHH_glcm_InverseVariance_left_lung,wavelet-HHH_glcm_JointAverage_left_lung,wavelet-HHH_glcm_JointEnergy_left_lung,wavelet-HHH_glcm_JointEntropy_left_lung,wavelet-HHH_glcm_MCC_left_lung,wavelet-HHH_glcm_MaximumProbability_left_lung,wavelet-HHH_glcm_SumAverage_left_lung,wavelet-HHH_glcm_SumEntropy_left_lung,wavelet-HHH_glcm_SumSquares_left_lung,wavelet-HHH_glrlm_GrayLevelNonUniformity_left_lung,wavelet-HHH_glrlm_GrayLevelNonUniformityNormalized_left_lung,wavelet-HHH_glrlm_GrayLevelVariance_left_lung,wavelet-HHH_glrlm_HighGrayLevelRunEmphasis_left_lung,wavelet-HHH_glrlm_LongRunEmphasis_left_lung,wavelet-HHH_glrlm_LongRunHighGrayLevelEmphasis_left_lung,wavelet-HHH_glrlm_LongRunLowGrayLevelEmphasis_left_lung,wavelet-HHH_glrlm_LowGrayLevelRunEmphasis_left_lung,wavelet-HHH_glrlm_RunEntropy_left_lung,wavelet-HHH_glrlm_RunLengthNonUniformity_left_lung,wavelet-HHH_glrlm_RunLengthNonUniformityNormalized_left_lung,wavelet-HHH_glrlm_RunPercentage_left_lung,wavelet-HHH_glrlm_RunVariance_left_lung,wavelet-HHH_glrlm_ShortRunEmphasis_left_lung,wavelet-HHH_glrlm_ShortRunHighGrayLevelEmphasis_left_lung,wavelet-HHH_glrlm_ShortRunLowGrayLevelEmphasis_left_lung,wavelet-HHH_glszm_GrayLevelNonUniformity_left_lung,wavelet-HHH_glszm_GrayLevelNonUniformityNormalized_left_lung,wavelet-HHH_glszm_GrayLevelVariance_left_lung,wavelet-HHH_glszm_HighGrayLevelZoneEmphasis_left_lung,wavelet-HHH_glszm_LargeAreaEmphasis_left_lung,wavelet-HHH_glszm_LargeAreaHighGrayLevelEmphasis_left_lung,wavelet-HHH_glszm_LargeAreaLowGrayLevelEmphasis_left_lung,wavelet-HHH_glszm_LowGrayLevelZoneEmphasis_left_lung,wavelet-HHH_glszm_SizeZoneNonUniformity_left_lung,wavelet-HHH_glszm_SizeZoneNonUniformityNormalized_left_lung,wavelet-HHH_glszm_SmallAreaEmphasis_left_lung,wavelet-HHH_glszm_SmallAreaHighGrayLevelEmphasis_left_lung,wavelet-HHH_glszm_SmallAreaLowGrayLevelEmphasis_left_lung,wavelet-HHH_glszm_ZoneEntropy_left_lung,wavelet-HHH_glszm_ZonePercentage_left_lung,wavelet-HHH_glszm_ZoneVariance_left_lung,wavelet-HHH_gldm_DependenceEntropy_left_lung,wavelet-HHH_gldm_DependenceNonUniformity_left_lung,wavelet-HHH_gldm_DependenceNonUniformityNormalized_left_lung,wavelet-HHH_gldm_DependenceVariance_left_lung,wavelet-HHH_gldm_GrayLevelNonUniformity_left_lung,wavelet-HHH_gldm_GrayLevelVariance_left_lung,wavelet-HHH_gldm_HighGrayLevelEmphasis_left_lung,wavelet-HHH_gldm_LargeDependenceEmphasis_left_lung,wavelet-HHH_gldm_LargeDependenceHighGrayLevelEmphasis_left_lung,wavelet-HHH_gldm_LargeDependenceLowGrayLevelEmphasis_left_lung,wavelet-HHH_gldm_LowGrayLevelEmphasis_left_lung,wavelet-HHH_gldm_SmallDependenceEmphasis_left_lung,wavelet-HHH_gldm_SmallDependenceHighGrayLevelEmphasis_left_lung,wavelet-HHH_gldm_SmallDependenceLowGrayLevelEmphasis_left_lung,wavelet-HHH_ngtdm_Busyness_left_lung,wavelet-HHH_ngtdm_Coarseness_left_lung,wavelet-HHH_ngtdm_Complexity_left_lung,wavelet-HHH_ngtdm_Contrast_left_lung,wavelet-HHH_ngtdm_Strength_left_lung,wavelet-LLL_firstorder_10Percentile_left_lung,wavelet-LLL_firstorder_90Percentile_left_lung,wavelet-LLL_firstorder_Energy_left_lung,wavelet-LLL_firstorder_Entropy_left_lung,wavelet-LLL_firstorder_InterquartileRange_left_lung,wavelet-LLL_firstorder_Kurtosis_left_lung,wavelet-LLL_firstorder_Maximum_left_lung,wavelet-LLL_firstorder_MeanAbsoluteDeviation_left_lung,wavelet-LLL_firstorder_Mean_left_lung,wavelet-LLL_firstorder_Median_left_lung,wavelet-LLL_firstorder_Minimum_left_lung,wavelet-LLL_firstorder_Range_left_lung,wavelet-LLL_firstorder_RobustMeanAbsoluteDeviation_left_lung,wavelet-LLL_firstorder_RootMeanSquared_left_lung,wavelet-LLL_firstorder_Skewness_left_lung,wavelet-LLL_firstorder_TotalEnergy_left_lung,wavelet-LLL_firstorder_Uniformity_left_lung,wavelet-LLL_firstorder_Variance_left_lung,wavelet-LLL_glcm_Autocorrelation_left_lung,wavelet-LLL_glcm_ClusterProminence_left_lung,wavelet-LLL_glcm_ClusterShade_left_lung,wavelet-LLL_glcm_ClusterTendency_left_lung,wavelet-LLL_glcm_Contrast_left_lung,wavelet-LLL_glcm_Correlation_left_lung,wavelet-LLL_glcm_DifferenceAverage_left_lung,wavelet-LLL_glcm_DifferenceEntropy_left_lung,wavelet-LLL_glcm_DifferenceVariance_left_lung,wavelet-LLL_glcm_Id_left_lung,wavelet-LLL_glcm_Idm_left_lung,wavelet-LLL_glcm_Idmn_left_lung,wavelet-LLL_glcm_Idn_left_lung,wavelet-LLL_glcm_Imc1_left_lung,wavelet-LLL_glcm_Imc2_left_lung,wavelet-LLL_glcm_InverseVariance_left_lung,wavelet-LLL_glcm_JointAverage_left_lung,wavelet-LLL_glcm_JointEnergy_left_lung,wavelet-LLL_glcm_JointEntropy_left_lung,wavelet-LLL_glcm_MCC_left_lung,wavelet-LLL_glcm_MaximumProbability_left_lung,wavelet-LLL_glcm_SumAverage_left_lung,wavelet-LLL_glcm_SumEntropy_left_lung,wavelet-LLL_glcm_SumSquares_left_lung,wavelet-LLL_glrlm_GrayLevelNonUniformity_left_lung,wavelet-LLL_glrlm_GrayLevelNonUniformityNormalized_left_lung,wavelet-LLL_glrlm_GrayLevelVariance_left_lung,wavelet-LLL_glrlm_HighGrayLevelRunEmphasis_left_lung,wavelet-LLL_glrlm_LongRunEmphasis_left_lung,wavelet-LLL_glrlm_LongRunHighGrayLevelEmphasis_left_lung,wavelet-LLL_glrlm_LongRunLowGrayLevelEmphasis_left_lung,wavelet-LLL_glrlm_LowGrayLevelRunEmphasis_left_lung,wavelet-LLL_glrlm_RunEntropy_left_lung,wavelet-LLL_glrlm_RunLengthNonUniformity_left_lung,wavelet-LLL_glrlm_RunLengthNonUniformityNormalized_left_lung,wavelet-LLL_glrlm_RunPercentage_left_lung,wavelet-LLL_glrlm_RunVariance_left_lung,wavelet-LLL_glrlm_ShortRunEmphasis_left_lung,wavelet-LLL_glrlm_ShortRunHighGrayLevelEmphasis_left_lung,wavelet-LLL_glrlm_ShortRunLowGrayLevelEmphasis_left_lung,wavelet-LLL_glszm_GrayLevelNonUniformity_left_lung,wavelet-LLL_glszm_GrayLevelNonUniformityNormalized_left_lung,wavelet-LLL_glszm_GrayLevelVariance_left_lung,wavelet-LLL_glszm_HighGrayLevelZoneEmphasis_left_lung,wavelet-LLL_glszm_LargeAreaEmphasis_left_lung,wavelet-LLL_glszm_LargeAreaHighGrayLevelEmphasis_left_lung,wavelet-LLL_glszm_LargeAreaLowGrayLevelEmphasis_left_lung,wavelet-LLL_glszm_LowGrayLevelZoneEmphasis_left_lung,wavelet-LLL_glszm_SizeZoneNonUniformity_left_lung,wavelet-LLL_glszm_SizeZoneNonUniformityNormalized_left_lung,wavelet-LLL_glszm_SmallAreaEmphasis_left_lung,wavelet-LLL_glszm_SmallAreaHighGrayLevelEmphasis_left_lung,wavelet-LLL_glszm_SmallAreaLowGrayLevelEmphasis_left_lung,wavelet-LLL_glszm_ZoneEntropy_left_lung,wavelet-LLL_glszm_ZonePercentage_left_lung,wavelet-LLL_glszm_ZoneVariance_left_lung,wavelet-LLL_gldm_DependenceEntropy_left_lung,wavelet-LLL_gldm_DependenceNonUniformity_left_lung,wavelet-LLL_gldm_DependenceNonUniformityNormalized_left_lung,wavelet-LLL_gldm_DependenceVariance_left_lung,wavelet-LLL_gldm_GrayLevelNonUniformity_left_lung,wavelet-LLL_gldm_GrayLevelVariance_left_lung,wavelet-LLL_gldm_HighGrayLevelEmphasis_left_lung,wavelet-LLL_gldm_LargeDependenceEmphasis_left_lung,wavelet-LLL_gldm_LargeDependenceHighGrayLevelEmphasis_left_lung,wavelet-LLL_gldm_LargeDependenceLowGrayLevelEmphasis_left_lung,wavelet-LLL_gldm_LowGrayLevelEmphasis_left_lung,wavelet-LLL_gldm_SmallDependenceEmphasis_left_lung,wavelet-LLL_gldm_SmallDependenceHighGrayLevelEmphasis_left_lung,wavelet-LLL_gldm_SmallDependenceLowGrayLevelEmphasis_left_lung,wavelet-LLL_ngtdm_Busyness_left_lung,wavelet-LLL_ngtdm_Coarseness_left_lung,wavelet-LLL_ngtdm_Complexity_left_lung,wavelet-LLL_ngtdm_Contrast_left_lung,wavelet-LLL_ngtdm_Strength_left_lung,log-sigma-1-0-mm-3D_firstorder_10Percentile_left_lung,log-sigma-1-0-mm-3D_firstorder_90Percentile_left_lung,log-sigma-1-0-mm-3D_firstorder_Energy_left_lung,log-sigma-1-0-mm-3D_firstorder_Entropy_left_lung,log-sigma-1-0-mm-3D_firstorder_InterquartileRange_left_lung,log-sigma-1-0-mm-3D_firstorder_Kurtosis_left_lung,log-sigma-1-0-mm-3D_firstorder_Maximum_left_lung,log-sigma-1-0-mm-3D_firstorder_MeanAbsoluteDeviation_left_lung,log-sigma-1-0-mm-3D_firstorder_Mean_left_lung,log-sigma-1-0-mm-3D_firstorder_Median_left_lung,log-sigma-1-0-mm-3D_firstorder_Minimum_left_lung,log-sigma-1-0-mm-3D_firstorder_Range_left_lung,log-sigma-1-0-mm-3D_firstorder_RobustMeanAbsoluteDeviation_left_lung,log-sigma-1-0-mm-3D_firstorder_RootMeanSquared_left_lung,log-sigma-1-0-mm-3D_firstorder_Skewness_left_lung,log-sigma-1-0-mm-3D_firstorder_TotalEnergy_left_lung,log-sigma-1-0-mm-3D_firstorder_Uniformity_left_lung,log-sigma-1-0-mm-3D_firstorder_Variance_left_lung,log-sigma-1-0-mm-3D_glcm_Autocorrelation_left_lung,log-sigma-1-0-mm-3D_glcm_ClusterProminence_left_lung,log-sigma-1-0-mm-3D_glcm_ClusterShade_left_lung,log-sigma-1-0-mm-3D_glcm_ClusterTendency_left_lung,log-sigma-1-0-mm-3D_glcm_Contrast_left_lung,log-sigma-1-0-mm-3D_glcm_Correlation_left_lung,log-sigma-1-0-mm-3D_glcm_DifferenceAverage_left_lung,log-sigma-1-0-mm-3D_glcm_DifferenceEntropy_left_lung,log-sigma-1-0-mm-3D_glcm_DifferenceVariance_left_lung,log-sigma-1-0-mm-3D_glcm_Id_left_lung,log-sigma-1-0-mm-3D_glcm_Idm_left_lung,log-sigma-1-0-mm-3D_glcm_Idmn_left_lung,log-sigma-1-0-mm-3D_glcm_Idn_left_lung,log-sigma-1-0-mm-3D_glcm_Imc1_left_lung,log-sigma-1-0-mm-3D_glcm_Imc2_left_lung,log-sigma-1-0-mm-3D_glcm_InverseVariance_left_lung,log-sigma-1-0-mm-3D_glcm_JointAverage_left_lung,log-sigma-1-0-mm-3D_glcm_JointEnergy_left_lung,log-sigma-1-0-mm-3D_glcm_JointEntropy_left_lung,log-sigma-1-0-mm-3D_glcm_MCC_left_lung,log-sigma-1-0-mm-3D_glcm_MaximumProbability_left_lung,log-sigma-1-0-mm-3D_glcm_SumAverage_left_lung,log-sigma-1-0-mm-3D_glcm_SumEntropy_left_lung,log-sigma-1-0-mm-3D_glcm_SumSquares_left_lung,log-sigma-1-0-mm-3D_glrlm_GrayLevelNonUniformity_left_lung,log-sigma-1-0-mm-3D_glrlm_GrayLevelNonUniformityNormalized_left_lung,log-sigma-1-0-mm-3D_glrlm_GrayLevelVariance_left_lung,log-sigma-1-0-mm-3D_glrlm_HighGrayLevelRunEmphasis_left_lung,log-sigma-1-0-mm-3D_glrlm_LongRunEmphasis_left_lung,log-sigma-1-0-mm-3D_glrlm_LongRunHighGrayLevelEmphasis_left_lung,log-sigma-1-0-mm-3D_glrlm_LongRunLowGrayLevelEmphasis_left_lung,log-sigma-1-0-mm-3D_glrlm_LowGrayLevelRunEmphasis_left_lung,log-sigma-1-0-mm-3D_glrlm_RunEntropy_left_lung,log-sigma-1-0-mm-3D_glrlm_RunLengthNonUniformity_left_lung,log-sigma-1-0-mm-3D_glrlm_RunLengthNonUniformityNormalized_left_lung,log-sigma-1-0-mm-3D_glrlm_RunPercentage_left_lung,log-sigma-1-0-mm-3D_glrlm_RunVariance_left_lung,log-sigma-1-0-mm-3D_glrlm_ShortRunEmphasis_left_lung,log-sigma-1-0-mm-3D_glrlm_ShortRunHighGrayLevelEmphasis_left_lung,log-sigma-1-0-mm-3D_glrlm_ShortRunLowGrayLevelEmphasis_left_lung,log-sigma-1-0-mm-3D_glszm_GrayLevelNonUniformity_left_lung,log-sigma-1-0-mm-3D_glszm_GrayLevelNonUniformityNormalized_left_lung,log-sigma-1-0-mm-3D_glszm_GrayLevelVariance_left_lung,log-sigma-1-0-mm-3D_glszm_HighGrayLevelZoneEmphasis_left_lung,log-sigma-1-0-mm-3D_glszm_LargeAreaEmphasis_left_lung,log-sigma-1-0-mm-3D_glszm_LargeAreaHighGrayLevelEmphasis_left_lung,log-sigma-1-0-mm-3D_glszm_LargeAreaLowGrayLevelEmphasis_left_lung,log-sigma-1-0-mm-3D_glszm_LowGrayLevelZoneEmphasis_left_lung,log-sigma-1-0-mm-3D_glszm_SizeZoneNonUniformity_left_lung,log-sigma-1-0-mm-3D_glszm_SizeZoneNonUniformityNormalized_left_lung,log-sigma-1-0-mm-3D_glszm_SmallAreaEmphasis_left_lung,log-sigma-1-0-mm-3D_glszm_SmallAreaHighGrayLevelEmphasis_left_lung,log-sigma-1-0-mm-3D_glszm_SmallAreaLowGrayLevelEmphasis_left_lung,log-sigma-1-0-mm-3D_glszm_ZoneEntropy_left_lung,log-sigma-1-0-mm-3D_glszm_ZonePercentage_left_lung,log-sigma-1-0-mm-3D_glszm_ZoneVariance_left_lung,log-sigma-1-0-mm-3D_gldm_DependenceEntropy_left_lung,log-sigma-1-0-mm-3D_gldm_DependenceNonUniformity_left_lung,log-sigma-1-0-mm-3D_gldm_DependenceNonUniformityNormalized_left_lung,log-sigma-1-0-mm-3D_gldm_DependenceVariance_left_lung,log-sigma-1-0-mm-3D_gldm_GrayLevelNonUniformity_left_lung,log-sigma-1-0-mm-3D_gldm_GrayLevelVariance_left_lung,log-sigma-1-0-mm-3D_gldm_HighGrayLevelEmphasis_left_lung,log-sigma-1-0-mm-3D_gldm_LargeDependenceEmphasis_left_lung,log-sigma-1-0-mm-3D_gldm_LargeDependenceHighGrayLevelEmphasis_left_lung,log-sigma-1-0-mm-3D_gldm_LargeDependenceLowGrayLevelEmphasis_left_lung,log-sigma-1-0-mm-3D_gldm_LowGrayLevelEmphasis_left_lung,log-sigma-1-0-mm-3D_gldm_SmallDependenceEmphasis_left_lung,log-sigma-1-0-mm-3D_gldm_SmallDependenceHighGrayLevelEmphasis_left_lung,log-sigma-1-0-mm-3D_gldm_SmallDependenceLowGrayLevelEmphasis_left_lung,log-sigma-1-0-mm-3D_ngtdm_Busyness_left_lung,log-sigma-1-0-mm-3D_ngtdm_Coarseness_left_lung,log-sigma-1-0-mm-3D_ngtdm_Complexity_left_lung,log-sigma-1-0-mm-3D_ngtdm_Contrast_left_lung,log-sigma-1-0-mm-3D_ngtdm_Strength_left_lung,log-sigma-2-0-mm-3D_firstorder_10Percentile_left_lung,log-sigma-2-0-mm-3D_firstorder_90Percentile_left_lung,log-sigma-2-0-mm-3D_firstorder_Energy_left_lung,log-sigma-2-0-mm-3D_firstorder_Entropy_left_lung,log-sigma-2-0-mm-3D_firstorder_InterquartileRange_left_lung,log-sigma-2-0-mm-3D_firstorder_Kurtosis_left_lung,log-sigma-2-0-mm-3D_firstorder_Maximum_left_lung,log-sigma-2-0-mm-3D_firstorder_MeanAbsoluteDeviation_left_lung,log-sigma-2-0-mm-3D_firstorder_Mean_left_lung,log-sigma-2-0-mm-3D_firstorder_Median_left_lung,log-sigma-2-0-mm-3D_firstorder_Minimum_left_lung,log-sigma-2-0-mm-3D_firstorder_Range_left_lung,log-sigma-2-0-mm-3D_firstorder_RobustMeanAbsoluteDeviation_left_lung,log-sigma-2-0-mm-3D_firstorder_RootMeanSquared_left_lung,log-sigma-2-0-mm-3D_firstorder_Skewness_left_lung,log-sigma-2-0-mm-3D_firstorder_TotalEnergy_left_lung,log-sigma-2-0-mm-3D_firstorder_Uniformity_left_lung,log-sigma-2-0-mm-3D_firstorder_Variance_left_lung,log-sigma-2-0-mm-3D_glcm_Autocorrelation_left_lung,log-sigma-2-0-mm-3D_glcm_ClusterProminence_left_lung,log-sigma-2-0-mm-3D_glcm_ClusterShade_left_lung,log-sigma-2-0-mm-3D_glcm_ClusterTendency_left_lung,log-sigma-2-0-mm-3D_glcm_Contrast_left_lung,log-sigma-2-0-mm-3D_glcm_Correlation_left_lung,log-sigma-2-0-mm-3D_glcm_DifferenceAverage_left_lung,log-sigma-2-0-mm-3D_glcm_DifferenceEntropy_left_lung,log-sigma-2-0-mm-3D_glcm_DifferenceVariance_left_lung,log-sigma-2-0-mm-3D_glcm_Id_left_lung,log-sigma-2-0-mm-3D_glcm_Idm_left_lung,log-sigma-2-0-mm-3D_glcm_Idmn_left_lung,log-sigma-2-0-mm-3D_glcm_Idn_left_lung,log-sigma-2-0-mm-3D_glcm_Imc1_left_lung,log-sigma-2-0-mm-3D_glcm_Imc2_left_lung,log-sigma-2-0-mm-3D_glcm_InverseVariance_left_lung,log-sigma-2-0-mm-3D_glcm_JointAverage_left_lung,log-sigma-2-0-mm-3D_glcm_JointEnergy_left_lung,log-sigma-2-0-mm-3D_glcm_JointEntropy_left_lung,log-sigma-2-0-mm-3D_glcm_MCC_left_lung,log-sigma-2-0-mm-3D_glcm_MaximumProbability_left_lung,log-sigma-2-0-mm-3D_glcm_SumAverage_left_lung,log-sigma-2-0-mm-3D_glcm_SumEntropy_left_lung,log-sigma-2-0-mm-3D_glcm_SumSquares_left_lung,log-sigma-2-0-mm-3D_glrlm_GrayLevelNonUniformity_left_lung,log-sigma-2-0-mm-3D_glrlm_GrayLevelNonUniformityNormalized_left_lung,log-sigma-2-0-mm-3D_glrlm_GrayLevelVariance_left_lung,log-sigma-2-0-mm-3D_glrlm_HighGrayLevelRunEmphasis_left_lung,log-sigma-2-0-mm-3D_glrlm_LongRunEmphasis_left_lung,log-sigma-2-0-mm-3D_glrlm_LongRunHighGrayLevelEmphasis_left_lung,log-sigma-2-0-mm-3D_glrlm_LongRunLowGrayLevelEmphasis_left_lung,log-sigma-2-0-mm-3D_glrlm_LowGrayLevelRunEmphasis_left_lung,log-sigma-2-0-mm-3D_glrlm_RunEntropy_left_lung,log-sigma-2-0-mm-3D_glrlm_RunLengthNonUniformity_left_lung,log-sigma-2-0-mm-3D_glrlm_RunLengthNonUniformityNormalized_left_lung,log-sigma-2-0-mm-3D_glrlm_RunPercentage_left_lung,log-sigma-2-0-mm-3D_glrlm_RunVariance_left_lung,log-sigma-2-0-mm-3D_glrlm_ShortRunEmphasis_left_lung,log-sigma-2-0-mm-3D_glrlm_ShortRunHighGrayLevelEmphasis_left_lung,log-sigma-2-0-mm-3D_glrlm_ShortRunLowGrayLevelEmphasis_left_lung,log-sigma-2-0-mm-3D_glszm_GrayLevelNonUniformity_left_lung,log-sigma-2-0-mm-3D_glszm_GrayLevelNonUniformityNormalized_left_lung,log-sigma-2-0-mm-3D_glszm_GrayLevelVariance_left_lung,log-sigma-2-0-mm-3D_glszm_HighGrayLevelZoneEmphasis_left_lung,log-sigma-2-0-mm-3D_glszm_LargeAreaEmphasis_left_lung,log-sigma-2-0-mm-3D_glszm_LargeAreaHighGrayLevelEmphasis_left_lung,log-sigma-2-0-mm-3D_glszm_LargeAreaLowGrayLevelEmphasis_left_lung,log-sigma-2-0-mm-3D_glszm_LowGrayLevelZoneEmphasis_left_lung,log-sigma-2-0-mm-3D_glszm_SizeZoneNonUniformity_left_lung,log-sigma-2-0-mm-3D_glszm_SizeZoneNonUniformityNormalized_left_lung,log-sigma-2-0-mm-3D_glszm_SmallAreaEmphasis_left_lung,log-sigma-2-0-mm-3D_glszm_SmallAreaHighGrayLevelEmphasis_left_lung,log-sigma-2-0-mm-3D_glszm_SmallAreaLowGrayLevelEmphasis_left_lung,log-sigma-2-0-mm-3D_glszm_ZoneEntropy_left_lung,log-sigma-2-0-mm-3D_glszm_ZonePercentage_left_lung,log-sigma-2-0-mm-3D_glszm_ZoneVariance_left_lung,log-sigma-2-0-mm-3D_gldm_DependenceEntropy_left_lung,log-sigma-2-0-mm-3D_gldm_DependenceNonUniformity_left_lung,log-sigma-2-0-mm-3D_gldm_DependenceNonUniformityNormalized_left_lung,log-sigma-2-0-mm-3D_gldm_DependenceVariance_left_lung,log-sigma-2-0-mm-3D_gldm_GrayLevelNonUniformity_left_lung,log-sigma-2-0-mm-3D_gldm_GrayLevelVariance_left_lung,log-sigma-2-0-mm-3D_gldm_HighGrayLevelEmphasis_left_lung,log-sigma-2-0-mm-3D_gldm_LargeDependenceEmphasis_left_lung,log-sigma-2-0-mm-3D_gldm_LargeDependenceHighGrayLevelEmphasis_left_lung,log-sigma-2-0-mm-3D_gldm_LargeDependenceLowGrayLevelEmphasis_left_lung,log-sigma-2-0-mm-3D_gldm_LowGrayLevelEmphasis_left_lung,log-sigma-2-0-mm-3D_gldm_SmallDependenceEmphasis_left_lung,log-sigma-2-0-mm-3D_gldm_SmallDependenceHighGrayLevelEmphasis_left_lung,log-sigma-2-0-mm-3D_gldm_SmallDependenceLowGrayLevelEmphasis_left_lung,log-sigma-2-0-mm-3D_ngtdm_Busyness_left_lung,log-sigma-2-0-mm-3D_ngtdm_Coarseness_left_lung,log-sigma-2-0-mm-3D_ngtdm_Complexity_left_lung,log-sigma-2-0-mm-3D_ngtdm_Contrast_left_lung,log-sigma-2-0-mm-3D_ngtdm_Strength_left_lung,log-sigma-3-0-mm-3D_firstorder_10Percentile_left_lung,log-sigma-3-0-mm-3D_firstorder_90Percentile_left_lung,log-sigma-3-0-mm-3D_firstorder_Energy_left_lung,log-sigma-3-0-mm-3D_firstorder_Entropy_left_lung,log-sigma-3-0-mm-3D_firstorder_InterquartileRange_left_lung,log-sigma-3-0-mm-3D_firstorder_Kurtosis_left_lung,log-sigma-3-0-mm-3D_firstorder_Maximum_left_lung,log-sigma-3-0-mm-3D_firstorder_MeanAbsoluteDeviation_left_lung,log-sigma-3-0-mm-3D_firstorder_Mean_left_lung,log-sigma-3-0-mm-3D_firstorder_Median_left_lung,log-sigma-3-0-mm-3D_firstorder_Minimum_left_lung,log-sigma-3-0-mm-3D_firstorder_Range_left_lung,log-sigma-3-0-mm-3D_firstorder_RobustMeanAbsoluteDeviation_left_lung,log-sigma-3-0-mm-3D_firstorder_RootMeanSquared_left_lung,log-sigma-3-0-mm-3D_firstorder_Skewness_left_lung,log-sigma-3-0-mm-3D_firstorder_TotalEnergy_left_lung,log-sigma-3-0-mm-3D_firstorder_Uniformity_left_lung,log-sigma-3-0-mm-3D_firstorder_Variance_left_lung,log-sigma-3-0-mm-3D_glcm_Autocorrelation_left_lung,log-sigma-3-0-mm-3D_glcm_ClusterProminence_left_lung,log-sigma-3-0-mm-3D_glcm_ClusterShade_left_lung,log-sigma-3-0-mm-3D_glcm_ClusterTendency_left_lung,log-sigma-3-0-mm-3D_glcm_Contrast_left_lung,log-sigma-3-0-mm-3D_glcm_Correlation_left_lung,log-sigma-3-0-mm-3D_glcm_DifferenceAverage_left_lung,log-sigma-3-0-mm-3D_glcm_DifferenceEntropy_left_lung,log-sigma-3-0-mm-3D_glcm_DifferenceVariance_left_lung,log-sigma-3-0-mm-3D_glcm_Id_left_lung,log-sigma-3-0-mm-3D_glcm_Idm_left_lung,log-sigma-3-0-mm-3D_glcm_Idmn_left_lung,log-sigma-3-0-mm-3D_glcm_Idn_left_lung,log-sigma-3-0-mm-3D_glcm_Imc1_left_lung,log-sigma-3-0-mm-3D_glcm_Imc2_left_lung,log-sigma-3-0-mm-3D_glcm_InverseVariance_left_lung,log-sigma-3-0-mm-3D_glcm_JointAverage_left_lung,log-sigma-3-0-mm-3D_glcm_JointEnergy_left_lung,log-sigma-3-0-mm-3D_glcm_JointEntropy_left_lung,log-sigma-3-0-mm-3D_glcm_MCC_left_lung,log-sigma-3-0-mm-3D_glcm_MaximumProbability_left_lung,log-sigma-3-0-mm-3D_glcm_SumAverage_left_lung,log-sigma-3-0-mm-3D_glcm_SumEntropy_left_lung,log-sigma-3-0-mm-3D_glcm_SumSquares_left_lung,log-sigma-3-0-mm-3D_glrlm_GrayLevelNonUniformity_left_lung,log-sigma-3-0-mm-3D_glrlm_GrayLevelNonUniformityNormalized_left_lung,log-sigma-3-0-mm-3D_glrlm_GrayLevelVariance_left_lung,log-sigma-3-0-mm-3D_glrlm_HighGrayLevelRunEmphasis_left_lung,log-sigma-3-0-mm-3D_glrlm_LongRunEmphasis_left_lung,log-sigma-3-0-mm-3D_glrlm_LongRunHighGrayLevelEmphasis_left_lung,log-sigma-3-0-mm-3D_glrlm_LongRunLowGrayLevelEmphasis_left_lung,log-sigma-3-0-mm-3D_glrlm_LowGrayLevelRunEmphasis_left_lung,log-sigma-3-0-mm-3D_glrlm_RunEntropy_left_lung,log-sigma-3-0-mm-3D_glrlm_RunLengthNonUniformity_left_lung,log-sigma-3-0-mm-3D_glrlm_RunLengthNonUniformityNormalized_left_lung,log-sigma-3-0-mm-3D_glrlm_RunPercentage_left_lung,log-sigma-3-0-mm-3D_glrlm_RunVariance_left_lung,log-sigma-3-0-mm-3D_glrlm_ShortRunEmphasis_left_lung,log-sigma-3-0-mm-3D_glrlm_ShortRunHighGrayLevelEmphasis_left_lung,log-sigma-3-0-mm-3D_glrlm_ShortRunLowGrayLevelEmphasis_left_lung,log-sigma-3-0-mm-3D_glszm_GrayLevelNonUniformity_left_lung,log-sigma-3-0-mm-3D_glszm_GrayLevelNonUniformityNormalized_left_lung,log-sigma-3-0-mm-3D_glszm_GrayLevelVariance_left_lung,log-sigma-3-0-mm-3D_glszm_HighGrayLevelZoneEmphasis_left_lung,log-sigma-3-0-mm-3D_glszm_LargeAreaEmphasis_left_lung,log-sigma-3-0-mm-3D_glszm_LargeAreaHighGrayLevelEmphasis_left_lung,log-sigma-3-0-mm-3D_glszm_LargeAreaLowGrayLevelEmphasis_left_lung,log-sigma-3-0-mm-3D_glszm_LowGrayLevelZoneEmphasis_left_lung,log-sigma-3-0-mm-3D_glszm_SizeZoneNonUniformity_left_lung,log-sigma-3-0-mm-3D_glszm_SizeZoneNonUniformityNormalized_left_lung,log-sigma-3-0-mm-3D_glszm_SmallAreaEmphasis_left_lung,log-sigma-3-0-mm-3D_glszm_SmallAreaHighGrayLevelEmphasis_left_lung,log-sigma-3-0-mm-3D_glszm_SmallAreaLowGrayLevelEmphasis_left_lung,log-sigma-3-0-mm-3D_glszm_ZoneEntropy_left_lung,log-sigma-3-0-mm-3D_glszm_ZonePercentage_left_lung,log-sigma-3-0-mm-3D_glszm_ZoneVariance_left_lung,log-sigma-3-0-mm-3D_gldm_DependenceEntropy_left_lung,log-sigma-3-0-mm-3D_gldm_DependenceNonUniformity_left_lung,log-sigma-3-0-mm-3D_gldm_DependenceNonUniformityNormalized_left_lung,log-sigma-3-0-mm-3D_gldm_DependenceVariance_left_lung,log-sigma-3-0-mm-3D_gldm_GrayLevelNonUniformity_left_lung,log-sigma-3-0-mm-3D_gldm_GrayLevelVariance_left_lung,log-sigma-3-0-mm-3D_gldm_HighGrayLevelEmphasis_left_lung,log-sigma-3-0-mm-3D_gldm_LargeDependenceEmphasis_left_lung,log-sigma-3-0-mm-3D_gldm_LargeDependenceHighGrayLevelEmphasis_left_lung,log-sigma-3-0-mm-3D_gldm_LargeDependenceLowGrayLevelEmphasis_left_lung,log-sigma-3-0-mm-3D_gldm_LowGrayLevelEmphasis_left_lung,log-sigma-3-0-mm-3D_gldm_SmallDependenceEmphasis_left_lung,log-sigma-3-0-mm-3D_gldm_SmallDependenceHighGrayLevelEmphasis_left_lung,log-sigma-3-0-mm-3D_gldm_SmallDependenceLowGrayLevelEmphasis_left_lung,log-sigma-3-0-mm-3D_ngtdm_Busyness_left_lung,log-sigma-3-0-mm-3D_ngtdm_Coarseness_left_lung,log-sigma-3-0-mm-3D_ngtdm_Complexity_left_lung,log-sigma-3-0-mm-3D_ngtdm_Contrast_left_lung,log-sigma-3-0-mm-3D_ngtdm_Strength_left_lung,log-sigma-4-0-mm-3D_firstorder_10Percentile_left_lung,log-sigma-4-0-mm-3D_firstorder_90Percentile_left_lung,log-sigma-4-0-mm-3D_firstorder_Energy_left_lung,log-sigma-4-0-mm-3D_firstorder_Entropy_left_lung,log-sigma-4-0-mm-3D_firstorder_InterquartileRange_left_lung,log-sigma-4-0-mm-3D_firstorder_Kurtosis_left_lung,log-sigma-4-0-mm-3D_firstorder_Maximum_left_lung,log-sigma-4-0-mm-3D_firstorder_MeanAbsoluteDeviation_left_lung,log-sigma-4-0-mm-3D_firstorder_Mean_left_lung,log-sigma-4-0-mm-3D_firstorder_Median_left_lung,log-sigma-4-0-mm-3D_firstorder_Minimum_left_lung,log-sigma-4-0-mm-3D_firstorder_Range_left_lung,log-sigma-4-0-mm-3D_firstorder_RobustMeanAbsoluteDeviation_left_lung,log-sigma-4-0-mm-3D_firstorder_RootMeanSquared_left_lung,log-sigma-4-0-mm-3D_firstorder_Skewness_left_lung,log-sigma-4-0-mm-3D_firstorder_TotalEnergy_left_lung,log-sigma-4-0-mm-3D_firstorder_Uniformity_left_lung,log-sigma-4-0-mm-3D_firstorder_Variance_left_lung,log-sigma-4-0-mm-3D_glcm_Autocorrelation_left_lung,log-sigma-4-0-mm-3D_glcm_ClusterProminence_left_lung,log-sigma-4-0-mm-3D_glcm_ClusterShade_left_lung,log-sigma-4-0-mm-3D_glcm_ClusterTendency_left_lung,log-sigma-4-0-mm-3D_glcm_Contrast_left_lung,log-sigma-4-0-mm-3D_glcm_Correlation_left_lung,log-sigma-4-0-mm-3D_glcm_DifferenceAverage_left_lung,log-sigma-4-0-mm-3D_glcm_DifferenceEntropy_left_lung,log-sigma-4-0-mm-3D_glcm_DifferenceVariance_left_lung,log-sigma-4-0-mm-3D_glcm_Id_left_lung,log-sigma-4-0-mm-3D_glcm_Idm_left_lung,log-sigma-4-0-mm-3D_glcm_Idmn_left_lung,log-sigma-4-0-mm-3D_glcm_Idn_left_lung,log-sigma-4-0-mm-3D_glcm_Imc1_left_lung,log-sigma-4-0-mm-3D_glcm_Imc2_left_lung,log-sigma-4-0-mm-3D_glcm_InverseVariance_left_lung,log-sigma-4-0-mm-3D_glcm_JointAverage_left_lung,log-sigma-4-0-mm-3D_glcm_JointEnergy_left_lung,log-sigma-4-0-mm-3D_glcm_JointEntropy_left_lung,log-sigma-4-0-mm-3D_glcm_MCC_left_lung,log-sigma-4-0-mm-3D_glcm_MaximumProbability_left_lung,log-sigma-4-0-mm-3D_glcm_SumAverage_left_lung,log-sigma-4-0-mm-3D_glcm_SumEntropy_left_lung,log-sigma-4-0-mm-3D_glcm_SumSquares_left_lung,log-sigma-4-0-mm-3D_glrlm_GrayLevelNonUniformity_left_lung,log-sigma-4-0-mm-3D_glrlm_GrayLevelNonUniformityNormalized_left_lung,log-sigma-4-0-mm-3D_glrlm_GrayLevelVariance_left_lung,log-sigma-4-0-mm-3D_glrlm_HighGrayLevelRunEmphasis_left_lung,log-sigma-4-0-mm-3D_glrlm_LongRunEmphasis_left_lung,log-sigma-4-0-mm-3D_glrlm_LongRunHighGrayLevelEmphasis_left_lung,log-sigma-4-0-mm-3D_glrlm_LongRunLowGrayLevelEmphasis_left_lung,log-sigma-4-0-mm-3D_glrlm_LowGrayLevelRunEmphasis_left_lung,log-sigma-4-0-mm-3D_glrlm_RunEntropy_left_lung,log-sigma-4-0-mm-3D_glrlm_RunLengthNonUniformity_left_lung,log-sigma-4-0-mm-3D_glrlm_RunLengthNonUniformityNormalized_left_lung,log-sigma-4-0-mm-3D_glrlm_RunPercentage_left_lung,log-sigma-4-0-mm-3D_glrlm_RunVariance_left_lung,log-sigma-4-0-mm-3D_glrlm_ShortRunEmphasis_left_lung,log-sigma-4-0-mm-3D_glrlm_ShortRunHighGrayLevelEmphasis_left_lung,log-sigma-4-0-mm-3D_glrlm_ShortRunLowGrayLevelEmphasis_left_lung,log-sigma-4-0-mm-3D_glszm_GrayLevelNonUniformity_left_lung,log-sigma-4-0-mm-3D_glszm_GrayLevelNonUniformityNormalized_left_lung,log-sigma-4-0-mm-3D_glszm_GrayLevelVariance_left_lung,log-sigma-4-0-mm-3D_glszm_HighGrayLevelZoneEmphasis_left_lung,log-sigma-4-0-mm-3D_glszm_LargeAreaEmphasis_left_lung,log-sigma-4-0-mm-3D_glszm_LargeAreaHighGrayLevelEmphasis_left_lung,log-sigma-4-0-mm-3D_glszm_LargeAreaLowGrayLevelEmphasis_left_lung,log-sigma-4-0-mm-3D_glszm_LowGrayLevelZoneEmphasis_left_lung,log-sigma-4-0-mm-3D_glszm_SizeZoneNonUniformity_left_lung,log-sigma-4-0-mm-3D_glszm_SizeZoneNonUniformityNormalized_left_lung,log-sigma-4-0-mm-3D_glszm_SmallAreaEmphasis_left_lung,log-sigma-4-0-mm-3D_glszm_SmallAreaHighGrayLevelEmphasis_left_lung,log-sigma-4-0-mm-3D_glszm_SmallAreaLowGrayLevelEmphasis_left_lung,log-sigma-4-0-mm-3D_glszm_ZoneEntropy_left_lung,log-sigma-4-0-mm-3D_glszm_ZonePercentage_left_lung,log-sigma-4-0-mm-3D_glszm_ZoneVariance_left_lung,log-sigma-4-0-mm-3D_gldm_DependenceEntropy_left_lung,log-sigma-4-0-mm-3D_gldm_DependenceNonUniformity_left_lung,log-sigma-4-0-mm-3D_gldm_DependenceNonUniformityNormalized_left_lung,log-sigma-4-0-mm-3D_gldm_DependenceVariance_left_lung,log-sigma-4-0-mm-3D_gldm_GrayLevelNonUniformity_left_lung,log-sigma-4-0-mm-3D_gldm_GrayLevelVariance_left_lung,log-sigma-4-0-mm-3D_gldm_HighGrayLevelEmphasis_left_lung,log-sigma-4-0-mm-3D_gldm_LargeDependenceEmphasis_left_lung,log-sigma-4-0-mm-3D_gldm_LargeDependenceHighGrayLevelEmphasis_left_lung,log-sigma-4-0-mm-3D_gldm_LargeDependenceLowGrayLevelEmphasis_left_lung,log-sigma-4-0-mm-3D_gldm_LowGrayLevelEmphasis_left_lung,log-sigma-4-0-mm-3D_gldm_SmallDependenceEmphasis_left_lung,log-sigma-4-0-mm-3D_gldm_SmallDependenceHighGrayLevelEmphasis_left_lung,log-sigma-4-0-mm-3D_gldm_SmallDependenceLowGrayLevelEmphasis_left_lung,log-sigma-4-0-mm-3D_ngtdm_Busyness_left_lung,log-sigma-4-0-mm-3D_ngtdm_Coarseness_left_lung,log-sigma-4-0-mm-3D_ngtdm_Complexity_left_lung,log-sigma-4-0-mm-3D_ngtdm_Contrast_left_lung,log-sigma-4-0-mm-3D_ngtdm_Strength_left_lung,log-sigma-5-0-mm-3D_firstorder_10Percentile_left_lung,log-sigma-5-0-mm-3D_firstorder_90Percentile_left_lung,log-sigma-5-0-mm-3D_firstorder_Energy_left_lung,log-sigma-5-0-mm-3D_firstorder_Entropy_left_lung,log-sigma-5-0-mm-3D_firstorder_InterquartileRange_left_lung,log-sigma-5-0-mm-3D_firstorder_Kurtosis_left_lung,log-sigma-5-0-mm-3D_firstorder_Maximum_left_lung,log-sigma-5-0-mm-3D_firstorder_MeanAbsoluteDeviation_left_lung,log-sigma-5-0-mm-3D_firstorder_Mean_left_lung,log-sigma-5-0-mm-3D_firstorder_Median_left_lung,log-sigma-5-0-mm-3D_firstorder_Minimum_left_lung,log-sigma-5-0-mm-3D_firstorder_Range_left_lung,log-sigma-5-0-mm-3D_firstorder_RobustMeanAbsoluteDeviation_left_lung,log-sigma-5-0-mm-3D_firstorder_RootMeanSquared_left_lung,log-sigma-5-0-mm-3D_firstorder_Skewness_left_lung,log-sigma-5-0-mm-3D_firstorder_TotalEnergy_left_lung,log-sigma-5-0-mm-3D_firstorder_Uniformity_left_lung,log-sigma-5-0-mm-3D_firstorder_Variance_left_lung,log-sigma-5-0-mm-3D_glcm_Autocorrelation_left_lung,log-sigma-5-0-mm-3D_glcm_ClusterProminence_left_lung,log-sigma-5-0-mm-3D_glcm_ClusterShade_left_lung,log-sigma-5-0-mm-3D_glcm_ClusterTendency_left_lung,log-sigma-5-0-mm-3D_glcm_Contrast_left_lung,log-sigma-5-0-mm-3D_glcm_Correlation_left_lung,log-sigma-5-0-mm-3D_glcm_DifferenceAverage_left_lung,log-sigma-5-0-mm-3D_glcm_DifferenceEntropy_left_lung,log-sigma-5-0-mm-3D_glcm_DifferenceVariance_left_lung,log-sigma-5-0-mm-3D_glcm_Id_left_lung,log-sigma-5-0-mm-3D_glcm_Idm_left_lung,log-sigma-5-0-mm-3D_glcm_Idmn_left_lung,log-sigma-5-0-mm-3D_glcm_Idn_left_lung,log-sigma-5-0-mm-3D_glcm_Imc1_left_lung,log-sigma-5-0-mm-3D_glcm_Imc2_left_lung,log-sigma-5-0-mm-3D_glcm_InverseVariance_left_lung,log-sigma-5-0-mm-3D_glcm_JointAverage_left_lung,log-sigma-5-0-mm-3D_glcm_JointEnergy_left_lung,log-sigma-5-0-mm-3D_glcm_JointEntropy_left_lung,log-sigma-5-0-mm-3D_glcm_MCC_left_lung,log-sigma-5-0-mm-3D_glcm_MaximumProbability_left_lung,log-sigma-5-0-mm-3D_glcm_SumAverage_left_lung,log-sigma-5-0-mm-3D_glcm_SumEntropy_left_lung,log-sigma-5-0-mm-3D_glcm_SumSquares_left_lung,log-sigma-5-0-mm-3D_glrlm_GrayLevelNonUniformity_left_lung,log-sigma-5-0-mm-3D_glrlm_GrayLevelNonUniformityNormalized_left_lung,log-sigma-5-0-mm-3D_glrlm_GrayLevelVariance_left_lung,log-sigma-5-0-mm-3D_glrlm_HighGrayLevelRunEmphasis_left_lung,log-sigma-5-0-mm-3D_glrlm_LongRunEmphasis_left_lung,log-sigma-5-0-mm-3D_glrlm_LongRunHighGrayLevelEmphasis_left_lung,log-sigma-5-0-mm-3D_glrlm_LongRunLowGrayLevelEmphasis_left_lung,log-sigma-5-0-mm-3D_glrlm_LowGrayLevelRunEmphasis_left_lung,log-sigma-5-0-mm-3D_glrlm_RunEntropy_left_lung,log-sigma-5-0-mm-3D_glrlm_RunLengthNonUniformity_left_lung,log-sigma-5-0-mm-3D_glrlm_RunLengthNonUniformityNormalized_left_lung,log-sigma-5-0-mm-3D_glrlm_RunPercentage_left_lung,log-sigma-5-0-mm-3D_glrlm_RunVariance_left_lung,log-sigma-5-0-mm-3D_glrlm_ShortRunEmphasis_left_lung,log-sigma-5-0-mm-3D_glrlm_ShortRunHighGrayLevelEmphasis_left_lung,log-sigma-5-0-mm-3D_glrlm_ShortRunLowGrayLevelEmphasis_left_lung,log-sigma-5-0-mm-3D_glszm_GrayLevelNonUniformity_left_lung,log-sigma-5-0-mm-3D_glszm_GrayLevelNonUniformityNormalized_left_lung,log-sigma-5-0-mm-3D_glszm_GrayLevelVariance_left_lung,log-sigma-5-0-mm-3D_glszm_HighGrayLevelZoneEmphasis_left_lung,log-sigma-5-0-mm-3D_glszm_LargeAreaEmphasis_left_lung,log-sigma-5-0-mm-3D_glszm_LargeAreaHighGrayLevelEmphasis_left_lung,log-sigma-5-0-mm-3D_glszm_LargeAreaLowGrayLevelEmphasis_left_lung,log-sigma-5-0-mm-3D_glszm_LowGrayLevelZoneEmphasis_left_lung,log-sigma-5-0-mm-3D_glszm_SizeZoneNonUniformity_left_lung,log-sigma-5-0-mm-3D_glszm_SizeZoneNonUniformityNormalized_left_lung,log-sigma-5-0-mm-3D_glszm_SmallAreaEmphasis_left_lung,log-sigma-5-0-mm-3D_glszm_SmallAreaHighGrayLevelEmphasis_left_lung,log-sigma-5-0-mm-3D_glszm_SmallAreaLowGrayLevelEmphasis_left_lung,log-sigma-5-0-mm-3D_glszm_ZoneEntropy_left_lung,log-sigma-5-0-mm-3D_glszm_ZonePercentage_left_lung,log-sigma-5-0-mm-3D_glszm_ZoneVariance_left_lung,log-sigma-5-0-mm-3D_gldm_DependenceEntropy_left_lung,log-sigma-5-0-mm-3D_gldm_DependenceNonUniformity_left_lung,log-sigma-5-0-mm-3D_gldm_DependenceNonUniformityNormalized_left_lung,log-sigma-5-0-mm-3D_gldm_DependenceVariance_left_lung,log-sigma-5-0-mm-3D_gldm_GrayLevelNonUniformity_left_lung,log-sigma-5-0-mm-3D_gldm_GrayLevelVariance_left_lung,log-sigma-5-0-mm-3D_gldm_HighGrayLevelEmphasis_left_lung,log-sigma-5-0-mm-3D_gldm_LargeDependenceEmphasis_left_lung,log-sigma-5-0-mm-3D_gldm_LargeDependenceHighGrayLevelEmphasis_left_lung,log-sigma-5-0-mm-3D_gldm_LargeDependenceLowGrayLevelEmphasis_left_lung,log-sigma-5-0-mm-3D_gldm_LowGrayLevelEmphasis_left_lung,log-sigma-5-0-mm-3D_gldm_SmallDependenceEmphasis_left_lung,log-sigma-5-0-mm-3D_gldm_SmallDependenceHighGrayLevelEmphasis_left_lung,log-sigma-5-0-mm-3D_gldm_SmallDependenceLowGrayLevelEmphasis_left_lung,log-sigma-5-0-mm-3D_ngtdm_Busyness_left_lung,log-sigma-5-0-mm-3D_ngtdm_Coarseness_left_lung,log-sigma-5-0-mm-3D_ngtdm_Complexity_left_lung,log-sigma-5-0-mm-3D_ngtdm_Contrast_left_lung,log-sigma-5-0-mm-3D_ngtdm_Strength_left_lung
1001102,1939-01-01,1.2.826.0.1.3680043.10.1218.275752439742352702379286669954042735,/scratch/bds/OSIC/PATIENTS_DICOM_STRUCTURE_MAIN/1001102/baseline_1939-01-01/1001102_baseline_1939-01-01_NIfTY/1001102_baseline_1939-01-01.nii.gz,/scratch/bds/OSIC/PATIENTS_DICOM_STRUCTURE_MAIN/1001102/baseline_1939-01-01/1001102_baseline_1939-01-01_Mask/1001102_baseline_1939-01-01_mask.nii.gz,0.9206814914097623,0.7786303422077162,136.41774868362293,175.20219966874936,215.62931155109686,315.40608744918035,200.0,321.7234837558489,2162236.75,161.30542248929513,0.5643999952657622,143273.5271772606,0.06626172049719375,2162354.0,-79.7241949097033,10.076158145617372,1979532516597.6797,2.3997688091800327,38.20075471808156,6.580752543314619,171.26985658456093,29.44033096849006,-44.0830273834316,-56.3847714336248,-123.72608213376223,294.99593871832315,17.131281740787635,956.7928539645152,1.822296122868273,1979532516597.6797,0.25527092851320493,1675.3068611368496,15.34187084217655,511.0048828231906,45.5770779322745,8.660607309461799,1.8056577079004337,0.6542872614137589,0.8431731141202403,1.7304402578428681,1.0866377554924551,0.6819608783715132,0.6607573748273163,0.9884716437916347,0.9397708035803299,-0.1622071981529317,0.7237551474110557,0.4418150943581176,3.6916211542515147,0.09781730320943233,4.340404396806508,0.6684505084650484,0.24314439925743128,7.38324230850303,3.203173614589367,2.6165662543405586,245976.58351937865,0.1966095654232983,3.474715163391374,19.703964091408952,4.981873383127725,66.10687235603469,0.5755019803590369,0.10491429394081785,4.24899850408982,572604.4798397591,0.456093738170338,0.5783966134912373,1.9627049790039353,0.7006414291862169,15.47319667039934,0.07050359198391748,7853.197231624758,0.11867137982991958,6.319066198731976,40.70785481141199,16736425.12052708,166782834.22684962,1931938.9545800255,0.09612854537335687,19905.577762330755,0.3007975363021451,0.5664411096131902,23.11756955921066,0.06190293508385667,5.888722833149025,0.03060368468807605,16735357.412365466,6.557118790958334,98157.821448292,0.04539396484030459,35.68500628701416,551986.1133542426,2.7697146000600297,16.735786092378955,178.76698727405412,2037.6349034431921,21.297876569965954,0.11003954139319451,0.03892663582264245,1.310928319345847,0.003773901704918212,5099.220047080724,3.84165709074287e-06,45.480976028232426,0.026210973027598283,0.0003966288521865062,-19.235774232440466,21.740617605744873,2167383871214.7524,1.7757448296836487,17.932840905003957,9.121791517960412,200.9607157010086,13.853009893708881,0.9439678975440233,0.9779141933675322,-238.81164829954298,439.7723640005516,7.745241959091416,1001.1623789639707,-0.2728299416406969,2167383871214.7524,0.369674870435593,437.28218231777186,111.18052069703064,29.778212976341912,-0.6340117651156838,1.8637005203372834,1.2860392530348472,0.18119851534965722,0.7494454865866829,1.5289873580194973,0.7033421129304809,0.6884101159137965,0.6728762842575703,0.9965287673137008,0.963711605006633,-0.0664738598677767,0.4139748626593872,0.4863693285282394,10.53736700805992,0.15642582050155035,3.4025633125775863,0.39798067630250517,0.2265030575069646,21.074734016119837,2.3303458930325496,0.7874349433430327,406926.6528462196,0.3197527776680028,1.088045751061238,111.83583350785065,4.654329440344142,522.0442449638878,0.04235933242679062,0.009347936750206483,3.6101402719453333,558307.5407031261,0.4300404580932191,0.5865559193645159,1.5378366914644568,0.6707500893632066,75.03955338555521,0.0063441978990845796,8113.136470691818,0.17858150757614444,5.68528265482862,113.43069710109837,37014658.38352667,4139141665.6848626,334019.6114386174,0.011296182605852849,10158.903281900024,0.22361170306398767,0.47694581911308986,54.238907822295744,0.005471288161092305,5.919060136517062,0.021009973390110962,37012392.962144464,5.500687597773439,142829.24092724873,0.06605266340629182,19.382617129061074,799367.9347858861,0.8068353210566297,111.90488745136088,157.4344506033702,17673.54166200354,1.4194947087219028,0.009231055065785594,0.026039732773902913,2.9430896608363297,0.00027321894508930503,1127.1509182218476,2.5794157248369512e-06,108.31565903297343,0.0029242729564773317,0.000881801519119969,-26.30109674427773,29.526296576558817,2169352474063.54,2.0938779678050072,25.375426956186637,7.587277869035704,219.14739037111687,18.62070558360591,1.2499788174355477,1.5472448905180076,-282.97593469333486,502.1233250644517,10.857489003822595,1001.6169462899952,-0.35732044586991457,2169352474063.54,0.3074700742691817,734.9870133803895,157.65620913548844,65.79884148880542,-1.6665557534521147,2.846762745957107,2.048304443945846,0.1604568963514677,0.9546162511387207,1.775793428053568,1.0903394650074922,0.6412111502592988,0.6148982032551525,0.9955105967047954,0.9585824525407142,-0.07000473826934003,0.44087294123703463,0.48128957525782556,12.54817084975137,0.11362097930710575,3.9988622019395974,0.40030762394221664,0.19012111010720317,25.096341699502737,2.629837088852784,1.223766797475738,363877.11197963764,0.26005498740598776,1.6503531545844465,158.78202747422043,3.7315383675973304,592.9476442929436,0.024025085675427812,0.006605260977264284,3.6969434598698476,708462.2365510573,0.49667044293618123,0.6450946514770476,1.1644751203230626,0.7257826416757999,115.29049814197778,0.004842280267534873,11362.497208221821,0.15436287965088263,6.9075503145365165,157.57434552840007,18547849.480253775,2938052992.038949,117888.17768399438,0.00782508129686049,16888.789944164437,0.22943919825244788,0.4816467860774872,75.67504958444856,0.0038518531420552483,6.033182200854439,0.034041142199658335,18546986.518094342,5.781638353136296,131564.41172999426,0.06084314211733798,20.6701993433606,664859.144976262,1.262286032091646,158.7746562311259,125.27275459984813,19911.120992677425,0.7966901947039084,0.006529860327272751,0.03963757122988294,6.278688931668131,0.00029200234182592203,797.4355724724917,2.8120549297298684e-06,163.23356570880892,0.004562914845500627,0.00103199028125664,-14.090303556957245,14.08480172016795,2162688674337.6392,1.2981823334781026,13.975235724234729,6.066256634256385,160.55754020674433,9.086781032117239,0.002163323718598239,0.006284497485737162,-143.12299702872394,303.68053723546825,5.8606307597975515,1000.077383580346,0.008659486830046258,2162688674337.6392,0.4535177494918737,150.44649679322814,42.238262434021856,2.1217439063704333,-0.005330574856235389,0.7115657817979049,0.717950369926067,-0.004651875716356835,0.5954671573672116,1.226231651510494,0.35460894568428497,0.7201456877331383,0.7142077612021526,0.9958182370689984,0.9580289732868488,-0.030209647281872767,0.23811231936374222,0.510098996249527,6.499219767088406,0.215403163069903,2.54410105135725,0.31913821235041895,0.2566774259642028,12.998439534176814,1.7646002033490775,0.35737903793099285,510538.97542300285,0.42560329796360674,0.4348752112104591,42.675325587095855,5.208549414482911,221.66205457647706,0.1259809188639326,0.024467651214946463,3.1805562715448783,472645.5856324812,0.38619519323665946,0.5539394709512091,1.6732145795056323,0.6270764793685815,26.81089767217262,0.015458151008865616,12680.89565603963,0.4026703815584793,2.696506899370967,44.88955925314365,66678676.394893944,2834719617.74349,1605992.1667508148,0.029182938252756432,10315.340467420298,0.3275543143471452,0.5874146301087672,26.489652958353552,0.017188859279574698,4.002381609567382,0.014563757830586482,66673961.705326684,4.548825277412716,246453.19154310535,0.11397448870217612,9.994280081313995,980665.919684751,0.361264846019376,42.61017668707344,168.69314460074528,7173.367420875583,4.066097382411607,0.02431528358911881,0.018885739169932723,0.8326117358581493,0.0005164307823968941,3534.87192882398,2.0005308355608856e-06,46.298519186617895,0.002583640570750053,0.0003149458282111334,-25.753856721655396,27.94256569543292,2167969299894.1675,2.0754089481313995,21.711008994907175,8.774183383874561,202.5077846079701,18.038353822788128,0.9098417322432409,1.9832739643453465,-251.29294998291144,453.8007345908816,9.55944727729277,1001.2975810396773,-0.8142950740487614,2167969299894.1675,0.31979641080088367,776.3345194444374,133.42127814362337,86.0547158894576,-4.184406155496711,3.1129863254040804,2.202413757727176,0.17019183312479372,0.9423738491573167,1.790443961048088,1.269917626625209,0.6544461209052841,0.6301984596270286,0.9947395016733159,0.9575626187311399,-0.07813298439135864,0.4743362369814899,0.46678997833190716,11.540954624344222,0.12383865739126151,3.970295707870416,0.44149665631742546,0.2165162185814971,23.08190924868845,2.64175188532277,1.3288500207828144,354727.953043263,0.26303570929685405,1.820296210172169,133.87536025083588,4.114662723930648,557.8864117800005,0.031246106473326263,0.008002735234461834,3.790290188945389,652559.7929684165,0.47568795527987784,0.6216474481763145,1.3656012151577597,0.7105158921080214,94.80630433805416,0.005804227801130263,9080.493257073178,0.13181722613952093,7.9959298968246655,126.3922655943792,20827842.328567073,2821354892.899386,154926.32090915914,0.010893743709000816,16345.594567915572,0.23728126595606677,0.4927066221424171,61.83640794184865,0.005576337002420359,6.17409016552127,0.031857410951213354,20826857.004605394,5.8282703258774315,122828.55815190297,0.056803168284149115,23.873863215546805,691513.048080934,1.3405833558656686,134.52397618521297,141.31803765710887,19245.18649860291,1.050478856222729,0.007815541922812613,0.03790228050512242,4.90239901040138,0.00037179149672891484,894.0396893678932,2.876111905155611e-06,141.94127262560824,0.005256954763620919,0.0008856901460414163,-13.63907116683149,13.413252894483362,2162441333683.2717,1.3201066488200826,12.923124871736231,6.802790874298217,120.20288001973735,8.834101650274139,-0.055823723302811414,-0.052666909357403105,-120.30371483612166,240.50659485585902,5.4660913135190325,1000.0201939186359,0.07290085784794947,2162441333683.2717,0.4500993865272728,152.03257538395147,30.226100957044252,2.363783184461776,0.019694407051617194,0.741728331052107,0.7500323846751855,-0.005670470552670337,0.6051556500396019,1.252248233503157,0.37477968693557434,0.7181923525302178,0.7115462941762664,0.9927103119858334,0.946030856519756,-0.03160880202313265,0.25001168417812203,0.5077372845441427,5.498015685460912,0.21219811478822936,2.5934428204166178,0.2514794542860065,0.2575247084509411,10.996031370921825,1.790427627712342,0.3729401789318232,506262.7406260797,0.4206930312133571,0.45645619196070836,30.70195893383063,5.143622529322803,156.93864515757318,0.17575186658853859,0.03475065056206697,3.2024856983436747,477812.0291707867,0.38929101864578236,0.5557232107658171,1.654465346951032,0.6310093157408102,19.445297229977847,0.02217381662320976,10725.982851804898,0.35784289223343224,2.986004054206468,33.726062587575896,69527890.85367319,2117117376.0449057,2360100.3699389375,0.045182577640606736,9701.159738439981,0.3236524901060913,0.5837251372242309,19.825756600717753,0.026718615680382425,4.209591723758015,0.013861745116664523,69522686.5313999,4.58048374913664,242247.7424492012,0.11202964105285314,10.338417663917921,973274.2088547944,0.374595104412456,30.601814504008132,167.870951749806,5112.647762577265,5.706144083436995,0.03443015429366366,0.018833052042896682,0.612542844788721,0.0007746752990874838,5731.157306405833,2.017124290393533e-06,26.942914407453245,0.004686415719932058,0.00014169381896712968,-16.39334976643603,16.147009675700872,2162573305823.759,1.4192936527646092,15.987717023772865,5.404108322965035,117.189136930333,10.479064907973934,-0.04954957007755644,-0.06949597109719993,-111.2158314773329,228.4049684076659,6.719438842764551,1000.0507086868165,0.08595119467741678,2162573305823.759,0.429744338495851,200.51662999927407,30.229408566302546,3.133493557428336,0.04172482544642318,0.8504742746569005,0.8560425993260931,-0.003407177240952265,0.6484941206862109,1.3313908317184384,0.42428527000361643,0.705634173085512,0.6960439989841546,0.9917156456174999,0.9425458659752005,-0.03227885507746404,0.2577159734639794,0.5081355503751352,5.49825421110731,0.19497229269378866,2.7869145022413084,0.21182156227877869,0.2470537125430225,10.99650842221462,1.8894489037106417,0.42662921849574836,487460.94105838984,0.39304549474424644,0.5368249988379954,30.783498703683303,4.854674461005571,148.25201177143865,0.16637642622234486,0.035054440038471996,3.2487492030036034,515097.4063480919,0.40746326154007445,0.5724605968950789,1.558671048000318,0.649702198656303,20.090298652007792,0.023090346701421956,15198.938216455128,0.3592365268962899,2.971670862241531,33.96100120541729,46896648.01952303,1428073175.7087853,1591809.113471934,0.04465988500788102,13788.174123708903,0.3258922244370915,0.5851289104007256,19.98234066066557,0.02658425957750484,4.171988003112937,0.019566176490990836,46894035.929942966,4.730831772921777,220195.1941717221,0.10183124232744598,12.29835590385667,929259.3893238573,0.42853117098848076,30.65684388402639,159.0964051214556,4846.424704280613,5.410963130999275,0.034634171657599244,0.024262272972636677,0.7964422427433027,0.0010099980288913381,5574.218374481202,2.099695118883034e-06,27.89423056087428,0.005593999970347342,0.00013664604556178224,-10.19811571387175,10.192813379772137,2162517655002.836,1.0819886033524584,10.330931898119665,4.729813867137161,93.42479755731887,6.480944849227976,0.0017407424557161762,0.00014022876307039772,-88.36099518891491,181.78579274623377,4.313581755966381,1000.0378411459104,0.011409217406598934,2162517655002.836,0.4901458281814709,72.20223583107521,20.24440258886075,0.6806680930173015,0.001140685260481102,0.5265565156229958,0.5535380722815693,-0.02494198737898066,0.5310971299386221,1.057867904968215,0.26610050936128293,0.7379936826429631,0.7366809714614847,0.9915209433086333,0.9412334250360461,-0.017314255445978016,0.1645809358919583,0.5132289358834334,4.500127546919553,0.24590611647117747,2.1408202979450515,0.20609870357750604,0.2747921722372217,9.000255093839108,1.54935450676953,0.27002364697614123,554125.3409616568,0.4820794576560947,0.28813273148886076,20.54222933905278,5.500572529935169,112.80120581150798,0.2823284578254197,0.05160274872447245,2.9892307733349566,421601.3622361551,0.3608204754895844,0.5313397770705871,1.7980022672418436,0.6041965006137733,12.427507713839962,0.03130702451580171,6380.542449286251,0.4793795979929565,2.3199796112016466,22.695266716754322,171013447.5703982,3505516832.2047334,8765086.521063866,0.07084142764293296,7924.821187077386,0.5954035452349651,0.7992808742442136,18.099819352023555,0.05670241845322063,2.4823233141671888,0.006155328868446147,170987054.04050386,4.000311548881702,343143.2301741528,0.15868966421508818,5.013587380331998,1059868.7921515163,0.2708050722016208,20.522411686523114,178.86218445268443,3666.46743826404,9.168521776376569,0.05144386796876047,0.011782874828643894,0.25366828521892576,0.0007129942735620315,9948.900209201835,1.8390794609804907e-06,16.12269271863583,0.005061297545457156,7.80607101946842e-05,-215.46520249455818,18.1712582191832,1683602247634.526,3.655836218069278,105.80884021652051,6.627155626824948,437.0481297837758,77.30642163214988,-123.98350386674345,-157.63812662124477,-355.1388802176453,792.1870100014211,46.78990794550074,882.3814132878275,1.8163981760741899,1683602247634.526,0.10863676589092756,11192.057018235424,121.64648816231943,25333.596481337718,854.3816154198922,60.426407013684724,6.7845773530983235,0.7974288480818189,1.5595857128159072,2.3892583711176507,4.292640888568413,0.5802401701197211,0.5390300763467795,0.9941069927546591,0.957918543965319,-0.23443461712314712,0.895558072347815,0.4100605041442896,10.403624366932961,0.029451522826696924,6.3707054095998705,0.8142235914743539,0.08766589955780422,20.80724873386591,4.546041995269654,16.802746091695763,133208.85550523235,0.08946819709238357,20.726713016253346,147.94257643617723,3.1593801455801094,323.5671122579166,0.04504243129970954,0.0112364789698645,5.0595481933178394,849314.0043680794,0.5686553267599677,0.6875454677206843,1.0161215229668732,0.7820075119654161,126.86938945598556,0.008137282202933086,9222.825056979073,0.05308161853361808,27.592419559243485,282.5207254184221,2350531.2661670926,164318607.5394652,36453.050802007754,0.006106786398816333,58846.8459032622,0.3386907814953968,0.602277765171473,177.67913441109536,0.0033989302239064807,6.785100250857215,0.08035132082905944,2350376.37952671,7.572308652712172,114634.10455272355,0.05301356972666065,31.56123523685373,234911.14527131082,17.993587958706154,129.10468452436558,114.8052872008931,8803.620251355698,1.8382256775753736,0.012414053805314938,0.08316460935813512,21.089723814044227,0.0005733183573218247,356.0077886332359,6.486769964983464e-06,485.62887592330026,0.03174583711096765,0.0049272434078205096,-14.027639198303222,21.968555831909168,2175196014504.2744,1.603590471356692,12.825628578662872,8.026040337681444,102.1435317993164,11.347623437365934,2.810539912891666,3.156070351600647,-131.56248474121094,233.70601654052734,5.879626698138678,1002.9650566091026,-0.9722812849253059,2175196014504.2744,0.4171904856083248,309.9258185148932,44.53446834969358,21.414510693716597,-2.3341400002722352,1.8010240928712409,0.635778564957084,0.47768506959305057,0.48202851302321015,1.236353487482016,0.3978157148667758,0.7809156559839483,0.774078517899399,0.9948870878459088,0.9607728697619273,-0.13652670450476567,0.572444128302107,0.3804162871051674,6.651552258903171,0.21672058365867708,2.9594306274749136,0.5047258447474754,0.3953401202603712,13.303104517806336,2.2956701395068566,0.6092006644570811,304992.9403292885,0.326105807612275,0.9040006253655279,43.45259081006145,10.406657319525959,485.8710921763174,0.2312922416620244,0.025670958210219995,4.067287450234767,290386.0892360047,0.3048856064406202,0.4319887564129719,4.7378573309826795,0.5531064141061717,23.386374581237195,0.015107560677949152,2642.6126774779623,0.17782199565829773,3.36749902889672,40.428975169907815,128366776.76899266,5962558206.829285,2811246.5813462143,0.038811626992320575,3019.531592759572,0.20318495341898743,0.45557819788666665,18.2802044647553,0.017521875115781863,6.0609509688121515,0.00687260272832293,128345604.98182055,5.784267040034347,100361.4792009079,0.04641306613112742,34.89023470759365,902113.5153171035,0.6173040062719761,44.951595344703044,283.5292778148259,13223.11471017234,6.252238320341702,0.023912379290895878,0.012519193577749634,0.5104402613102559,0.000399785044318338,2416.7972150277037,3.543275755444052e-06,22.33723625900441,0.004374857053154508,0.00028844428204962915,-13.081356430053711,31.270020675659175,2190722604859.5574,1.6895991394009162,15.48808816075325,6.322860873607739,113.72242736816406,13.073741823190089,6.3531064868327025,5.418621063232422,-131.68350219726562,245.4059295654297,7.249782275020429,1006.5382832939125,-0.4538585482167546,2190722604859.5574,0.4035136786311228,372.7408005579032,46.78041362483249,33.46415451072013,-2.32044070984792,2.3913738742075528,0.30806773348162664,0.7716251924926305,0.28012224799316254,0.9048105843783957,0.22692449399620646,0.8644409965411314,0.8627322987752748,0.9974872258734546,0.9768338970217135,-0.37809270683444157,0.8426429495615859,0.25713026620802054,6.801439633423551,0.26761060896579214,2.7303726455170216,0.7828796821574863,0.4739798912896792,13.602879266847102,2.3849812428162007,0.6748604019222947,174599.29602336438,0.28532242831491794,1.1202878146994106,45.4507180075475,31.150765373332767,1506.1822804933893,0.6641719558220628,0.02495257989061552,4.964766376824456,122082.90408647462,0.19369440232734794,0.2826148653806845,17.295079215651928,0.41548999038391254,18.21820357563378,0.01121681537106085,1573.3052325581396,0.32668298018233793,1.9502071151946447,38.40261627906977,383908470.38787377,18325253868.965946,8162446.1275128545,0.03420898652525553,928.6013289036545,0.1928158905530844,0.45229382667786666,16.46893403428323,0.014203789239739731,5.823592442493084,0.002227202391467817,383706874.98168874,5.682026576880609,155613.16078125968,0.07196470179316601,38.1435651139554,872539.4170427229,0.6781704704589533,46.98484244485408,424.34519972215463,20302.73554376388,9.213584710425176,0.022895486575932794,0.005933649320919295,0.25430719301331983,0.0001608116548530513,1374.422068622814,6.222471151882984e-06,13.019535913011518,0.002788493788598529,0.0005095423748128483,-10.75972261428833,37.436066436767575,2204923514519.0405,1.7424731631344912,19.127687960863113,4.696514833032557,121.47537231445312,14.266225688251259,9.603569137492151,7.140507221221924,-109.37116241455078,230.8465347290039,8.698140953481444,1009.7953524188457,0.08645172958239786,2204923514519.0405,0.3802164397834785,387.2869515377031,35.67823599287875,29.50287818730462,-0.4000354262151419,2.5552322960982186,0.20790476712511094,0.8494960463126862,0.2037395843097525,0.7346858323133152,0.16486034881829398,0.8988237191914293,0.8985467261266599,0.9979439246962689,0.9815097644320095,-0.5031254220352778,0.9066291259602903,0.20010152624797403,5.923799635371815,0.2742311233449249,2.6069674263965386,0.8558683556914761,0.4737373050826675,11.84759927074363,2.3869033063667056,0.6907842658058324,132943.76859932032,0.28072721805493384,1.076290234019287,35.50645938804759,54.09709535252485,1951.003207609808,1.565637875093225,0.03274531661418116,5.422406983267918,69880.62963150926,0.14206163899972007,0.21896578379929396,30.428460898020255,0.32514454836864026,11.284342842220118,0.011342815971472433,1259.1308276111313,0.45505270242541784,1.203199617987252,26.938561619082037,630679902.3006867,22346828738.034695,18216005.524119057,0.04701673297382506,659.3014094687387,0.23827300667464354,0.5057985714624177,12.737112639961946,0.021817161677961543,4.976245015596105,0.001279623965363673,630069191.9655209,5.403731374311413,269189.25061668904,0.1244889831251909,32.202491738078514,822162.5394315639,0.6910781468724666,35.77722149102321,486.1860370688611,17423.629227221816,14.464775874144548,0.030641419990179077,0.004239091397036281,0.1394601199731437,0.00014860016540468854,1417.1615329210215,8.033405918385489e-06,8.495907743821002,0.002795923402804795,0.0004633424545476193,-8.343984031677246,41.26578216552734,2218014772870.526,1.7673210738025473,23.01554811000824,3.9318465344083626,120.9205093383789,15.223231153912437,12.59306412439953,8.85363245010376,-97.79581451416016,218.71632385253906,9.974749179987967,1012.7886371785795,0.3740141570497736,2218014772870.526,0.36522010007731087,396.1100852039152,26.009407833006232,27.257011769996986,0.8910792237557648,2.6469695524378096,0.16328209703914165,0.8838024540082278,0.16266567194839407,0.6373578923288716,0.13578107822555993,0.9187699015409275,0.9187288065348775,0.9980092855526853,0.9837390366696218,-0.5759570709281738,0.9309293141616019,0.16212629999399003,5.038698757855471,0.27747691478198255,2.5174440862126444,0.8880557518134444,0.4689158301177745,10.077397515710944,2.351550244269484,0.7025629123692377,110951.73368448621,0.2841414495150022,1.0155922205705414,26.43404227766529,80.49321725561983,2065.3099776695835,3.34720551868016,0.046009036480196316,5.715671829091361,45914.23212862421,0.112876865315952,0.18055426205386851,45.24946051964132,0.2655057744244322,6.7862611949810505,0.013120281430822379,905.2188515709643,0.49036774191276505,0.9488689785181628,17.800650054171182,905985521.7280607,22744487532.336945,37448372.18597858,0.07284557185399741,531.0390032502709,0.2876700992688358,0.5572667328606343,9.096818229272268,0.036932927555849725,4.502850578711398,0.0008536992555335527,904613407.7310855,5.129346660620155,388859.0273775709,0.1798313446260746,28.327426087591853,789735.1442825735,0.7020160689321105,26.050426525906488,525.8667350489328,13593.141756622643,22.50611517829901,0.04356108140207526,0.003513558628179452,0.08343927451418456,0.0001776482913023284,1615.0860022757445,9.655557714642879e-06,5.74629725278864,0.003024673656309312,0.0003955238187972024,-6.374757957458496,44.12150650024414,2230264564225.1245,1.7843458510970516,26.10513609647751,3.4941584740080316,105.25364685058594,16.007080336692283,15.381241783811095,11.089279174804688,-100.52481079101562,205.77845764160156,11.073506682267016,1015.5815326551216,0.4454797857394941,2230264564225.1245,0.3541535423149257,406.7833036918,38.4266657704025,26.465872447408557,1.3859476398518686,2.7256151678413514,0.13739371504189865,0.9040316538471503,0.1373333441608884,0.572639035857927,0.11775114946945889,0.9313433897330575,0.9313393650076569,0.9986397006722135,0.9875156078859876,-0.6246950785038712,0.943590480034083,0.13728051964000448,6.146511916217806,0.27884548324629255,2.454022350629624,0.9063949771050641,0.4613846644349582,12.29302383243561,2.3162996611595563,0.7157522207208125,96695.97394055883,0.2864153094022005,0.9776936946893103,39.0653224144381,109.55798513720528,4100.837849492708,3.062019004671581,0.02858090724769991,5.913133241580804,34225.652959420746,0.09712614710413084,0.15607065263134529,62.050598079056144,0.2340316754993571,8.597050675345393,0.007179182422324846,685.5,0.5161897590361446,0.8151077578385832,27.134789156626507,1220188970.5150602,45116215742.116714,33908504.46007191,0.042352717867881196,398.7048192771084,0.3002295325881841,0.5696669001411744,14.789784284438273,0.02385768139372768,4.335508374255768,0.0006141455099396306,1217537679.2687595,4.881160153012001,507295.7446736288,0.2346034667189687,25.914953184067986,765805.3288388487,0.7156656262063501,38.40803910923003,552.2577977518945,21052.277512840174,15.516347725939792,0.02815630071957418,0.0031002902444684385,0.11038889804282592,9.74494880016036e-05,992.7681879023118,1.122098271647281e-05,6.4328135274822404,0.002148093268697341,0.0006419429194980148,0.8477299544281678,0.5722181996983814,97.83055002968392,170.9672116008383,204.60694025374605,162.75441622272496,193.82982226685345,210.47327621339485,1355005.0,144.93402649908958,0.5525501047066974,107169.9572458526,0.07909192751750185,1355202.0,-82.32773647666698,18.082558017828575,1248506407006.9895,2.5663779114086536,45.57988164638296,5.500706945267862,170.57861841724173,32.20870042941629,-41.15782223800812,-52.667117053837984,-124.44104530726634,295.01966372450806,19.910993526909568,959.8279022199798,1.5469479035880935,1248506407006.9895,0.2146415224191199,1891.280024647333,16.365791895992608,542.8726578913657,45.81851902705845,9.792775646683198,1.8908553651508955,0.6756777076151553,0.8776767157611712,1.7713131976145615,1.111316368384935,0.6721621811516066,0.6487431735965395,0.9879002160071342,0.9373886797249293,-0.1799214764122191,0.7654776343240275,0.44250350703974745,3.7934432950027377,0.07398338669073254,4.594976758646397,0.683954167032278,0.17483449164407452,7.586886590005474,3.392598717069026,2.920907752958524,145822.84340056332,0.18132974995802323,3.6769562927833492,21.195709323106275,4.7348807047115375,64.86841727523684,0.6094510536674966,0.10153448571449045,4.3053869528002355,381481.6708280109,0.47272073490114713,0.5932272600178935,1.8653324487705132,0.7135324082573693,16.8623839471492,0.06849418295749259,5092.25591037403,0.1123027503169996,7.099723184379682,40.85027787579393,7809013.336626676,82834377.47002912,915159.5309008831,0.12021991128726514,14136.167034227241,0.31175386014086187,0.5774617622517503,23.76943897299259,0.0770676399550211,5.89840107042485,0.03345921862571041,7808120.09611699,6.781277469783153,61659.64146304389,0.04549848765205769,36.016927400837965,290882.62046543614,3.1183053424060834,17.952087585466963,170.02281578687163,1956.93642497576,22.872377094557155,0.11127621135852764,0.04209861780655624,1.4666793760832892,0.004543707042064804,3152.3136636108247,6.522510664534185e-06,45.63767492671363,0.03063888728888648,0.0006021598608293653,-20.561216237938947,23.03422663318547,1358411689997.0063,1.813350841515775,19.019505128008433,8.427856486500266,183.00913530158772,14.384659476006735,0.9572454373258382,1.0424589835910578,-200.8188043577888,383.8279396593765,8.227488108547295,1001.1835105649496,-0.26942423008876937,1358411689997.0063,0.35977844265003195,453.01463367811164,91.18562470797454,29.930954796305134,-0.6406490255544358,1.9248001790287657,1.306274596056309,0.18921191787576058,0.7612368657813795,1.5433519698873392,0.7052997639403232,0.6842983222674359,0.6678302417960148,0.9956227795009368,0.9591774390672672,-0.06491433360059576,0.4085961480700424,0.48727085520859154,9.541016333511118,0.14859417094677002,3.4740181919264117,0.3938638276538233,0.21989457157709907,19.082032667022233,2.373919017108988,0.8077686937712687,250955.85921364397,0.31081845826490756,1.1045612177053614,91.80075298841088,4.493956486681635,413.7778754567285,0.05012907179217093,0.011523612977267162,3.611371804565887,361142.1610565227,0.4387361165397141,0.5941513345782229,1.471646102165977,0.6785755867747739,62.311298304022436,0.007931534664478756,5403.13198422226,0.18532436920673162,5.469190835998265,94.27209741039273,22114835.309277996,2029093900.1779454,243738.36312748742,0.014253169332427864,6386.769782198594,0.2190625889966933,0.4708103238801225,44.57837810379149,0.006821601102527503,5.90075823524344,0.021513398002659383,22112674.671445217,5.55404167843294,87553.09013564029,0.06460519548793486,19.664955353098012,487572.4650362086,0.8297084057445326,91.86106130303821,153.11516807088537,14113.947213773297,1.6869231299842316,0.011348730573749907,0.026849630432919484,2.5047289981164287,0.0003527902935106866,863.5403848532031,4.251382347480725e-06,86.31091683428801,0.003795705747737646,0.0010130491788489598,-28.20000586848306,31.962647631462193,1360211576738.2754,2.175530416518271,27.06020587798824,7.198305827367837,191.36473790311868,19.818581180553814,1.4370963838484951,1.6996168916477852,-263.5084023524084,454.87314025552706,11.60872479181226,1001.8465718516825,-0.35756998496640285,1360211576738.2754,0.2913036245963265,820.2955172550382,133.79099994216855,77.93779025060428,-1.830375254639476,3.1660985106009174,2.276054542311816,0.16103277577299274,1.008005326473788,1.833699075028977,1.2059644610677067,0.630403944025483,0.601502643050446,0.9939717668125945,0.9523206980850353,-0.07082092836580042,0.44810871593445767,0.4779895667230126,11.55718335329069,0.10312877557592451,4.157298820359456,0.40587069588544583,0.17889948155244226,23.11436670658138,2.7157226789434707,1.3605382632281835,220989.63207861932,0.24682293814527248,1.8017091627365682,135.07928972311592,3.5179332805135823,474.6754600321431,0.026901247979156315,0.007892894382002335,3.7200660108618115,467643.5060371144,0.5129475026925061,0.659006440481822,1.073498575072951,0.7383139548088183,99.82073125270057,0.0058994574049814254,6893.881348944591,0.14210672305707023,7.291510925838984,134.75911114775727,10445029.501442943,1403976164.7274694,78363.59310856303,0.0097906094560361,11359.681151055409,0.23416229285651816,0.4875801261107941,65.60089259151128,0.004902562168106487,6.09500501546624,0.03579687751346294,10444249.115013514,5.864820311054633,81936.39589374868,0.060460651544012395,20.56587367574108,394775.2546601909,1.3983767011385466,134.97551139977656,117.90052553051132,15899.713785103622,0.8865769405215419,0.007782215166067525,0.04253662624343995,5.749389007071671,0.0003854366354688318,598.3766075271086,4.63168470456606e-06,138.00251936079064,0.0064799993229078005,0.0011969121747455514,-14.55052980839573,14.49782081674445,1355335566450.5334,1.3126757226928019,14.432491050132883,5.995868886090267,138.74261595311106,9.334387244235282,-0.02952996754782331,-0.012721134718594903,-127.35665451193465,266.0992704650457,6.050483649679708,1000.0492779525391,0.007863442884344735,1355335566450.5334,0.4508280768326092,157.6173964718796,42.23167166283383,2.283658636051144,-0.002839549184455027,0.7280287702266109,0.7344157351698997,-0.0045009105126653575,0.6014159449566591,1.2400010855782968,0.3638494468631752,0.718579484383545,0.7122185277995542,0.9949977984892632,0.9544386464052638,-0.02997045437439335,0.23688688457682097,0.5096385151830962,6.498712700715166,0.21282697626719121,2.5739635238980316,0.2906173923959531,0.254405686729183,12.997425401430336,1.7803433648269262,0.3656111263491276,319239.0311162947,0.42171596149890106,0.4469358750104649,42.67099515700072,5.116981211258712,217.73203318133108,0.12383151679915283,0.02450034967350862,3.182182095375686,301354.22230422974,0.3905512112870494,0.5577803161447518,1.640453556901382,0.6317438706825471,27.009182139623388,0.015599754598836394,8791.151428041543,0.4076016055286324,2.6906434612954193,45.25041728486647,38277140.12203264,1626667326.1532364,922274.2386791568,0.028889580016608057,7225.15356083086,0.3349941376497988,0.5945498647060251,27.04082801019665,0.01717306113272874,3.905369729163621,0.015914970609547507,38273192.02045176,4.596061139615914,149844.3354230587,0.11056974194478661,10.564656342176674,610963.1113797057,0.36902287591109023,42.603388277171966,166.75745608403767,7089.456034598532,4.020468968057599,0.024338779865711646,0.020237659233975247,0.8961693227420519,0.000552134179634534,2429.057707583977,3.2111647641933212e-06,39.23211369704229,0.003136968454678615,0.00038779838635259815,-27.340162658038793,30.360535966429868,1359564062736.213,2.1289970988804874,23.324314049669237,7.726459658542364,213.43272553775077,18.780473313661666,1.2101109995319315,2.0455983957447605,-230.44760714431328,443.880332682064,10.28592008509077,1001.6080843562535,-0.6626168970719635,1359564062736.213,0.30533072398380295,797.0682801087929,111.56998887022995,80.87589077493011,-3.46624509056715,3.1852382624580744,2.2183765589055455,0.1773986864261389,0.9627432415221678,1.80914198371417,1.2447752165539177,0.6473543190254104,0.6215520762382634,0.9941344564267932,0.9545419602975703,-0.07584182687165275,0.4664212639480698,0.4684519764538744,10.551221306301256,0.11394755915004086,4.068144456308082,0.4283608186989796,0.2036119867512379,21.102442612602513,2.696440492225594,1.350903705340905,217750.64993121166,0.25311988847398226,1.8207802765329726,112.30216564509739,3.903887099890817,442.6763373874365,0.03574060866419799,0.00968108279052082,3.7867604415279814,427059.8825127291,0.488129770468447,0.6332251575779846,1.2653722709024176,0.7202092918959809,80.69488848493658,0.0071244806586631074,5634.8233861144945,0.13198780535263033,7.595865237562279,107.09055560760798,12605609.632577533,1426456943.0854492,112472.12401828667,0.01349988212046828,10024.992129673006,0.23482132787578486,0.4891323419417589,52.310926377516765,0.006789021565187617,6.171513041038973,0.03150231478406909,12604601.970147923,5.890184299318246,77293.4361873728,0.05703462375894723,23.28335694084196,413784.80780429783,1.3714370579799313,112.69799188608044,134.293727429564,15279.568610435936,1.1992325560666854,0.009441998558070505,0.03861144610357541,4.220992635596268,0.0004618307517516735,633.5104436430549,4.747795246687684e-06,128.2829423496859,0.006047340625079297,0.0011779155684067898,-13.574982310307869,13.558238603103318,1355461126588.4756,1.2936925200516316,13.03620882862292,6.362579911694977,127.95689918572303,8.743297102455776,0.0235374721253821,-0.018057768984356876,-120.75278377288063,248.70968295860365,5.5095348901501175,1000.0955998452026,0.12016558557608213,1355461126588.4756,0.45461768989636675,144.1333314727648,30.25773810625863,2.119221072094657,0.03712322998217313,0.7158599203470822,0.7197744530693178,-0.0027972308309226457,0.5941137016232158,1.231441544462886,0.3585836473170953,0.7212279034843783,0.7152012122598335,0.9941805850082002,0.9512629509021701,-0.028352264385523088,0.23178418348062435,0.5071271993092172,5.500792307576891,0.21503766159216114,2.548499771580796,0.27607070391250704,0.257438330097926,11.001584615153778,1.7693156094500386,0.35890859335409997,320682.2221851941,0.4269909783941578,0.4327388786288791,30.71916960957928,5.168480714946869,157.8002023896625,0.17625325895337962,0.03458037059895136,3.1775151181193704,296102.0732587661,0.3870161100488295,0.5534977868187234,1.6613547791075247,0.6287546372016883,19.385948754392437,0.021948784870639972,7741.036993025058,0.39995024505425253,2.7288887174540912,33.0622061482821,43016323.14688711,1310869627.2475328,1459032.1153055066,0.04410920849484425,6328.880650994575,0.3269894420560359,0.5868922481725942,19.416195430217808,0.02613509900518595,3.973672135457288,0.014282003716051187,43011420.60044424,4.579884586555397,150743.50720556788,0.11123323844383928,10.302024598897217,616098.802582936,0.35951629396585255,30.620288340778718,169.2903567143496,5158.445762329158,5.749728824523863,0.03431437514794557,0.018862522995744934,0.6072031400802715,0.0007616665527041421,3194.6810813424454,3.199696662501985e-06,32.740325951696974,0.0036275271059937907,0.00031032688943033145,-17.02166486847792,16.75862134015165,1355291853826.9246,1.4476288184425987,16.56323222464193,5.202737768966,116.98465864258462,10.836147776933762,-0.07321750561197117,-0.07530400246118013,-126.0332114208533,243.01787006343793,6.9699973750313955,1000.0331509020727,0.04705997124749119,1355291853826.9246,0.423526672635331,212.73255354883347,42.218086411536326,3.3578623193089516,0.01731254928412562,0.8832052957711197,0.8847887600408123,-0.0011617917964487656,0.660280084534295,1.3521901836813532,0.43718691856437036,0.7022883355555182,0.6918295018585622,0.9928902595449045,0.9463553813172632,-0.03225529930800935,0.25713790714467905,0.5075995599624096,6.497574920906938,0.18957852431156075,2.840724320311936,0.21452719950123134,0.24257214360086238,12.995149841813875,1.9180560227857302,0.4419985139529831,302760.3969876719,0.38548234769232664,0.5589029642573411,42.78638209072965,4.729729461769268,201.17779703391736,0.114956459515406,0.024710060219870236,3.253663891554162,331457.90109940554,0.4144032078793249,0.5785743209669678,1.5121855852097863,0.656368142285384,28.174644571830395,0.01637987039970044,10310.315521896147,0.3614990891587303,2.9613786934268567,45.81357596157218,27077244.435678974,1149272027.5831141,653231.5327666384,0.029224904399446847,9261.843869429544,0.3247376974660616,0.5839627345690394,26.752996117915483,0.017308516027986703,4.163047093440056,0.021045571066158404,27074986.671540525,4.797406040974279,131903.94539411837,0.0973315752147048,13.009958744375375,573964.1938087458,0.4448751914565463,42.658267918730935,155.98142564724668,6622.163438365646,3.769038489928814,0.024494312593234747,0.02584576472493678,1.1548674139230137,0.0007203261748437051,2596.4549274026576,3.3968264677160078e-06,34.679170023917415,0.004804029496450255,0.0002922470487278077,-10.309125742949984,10.309566012529167,1355292775186.5447,1.0847313747979181,10.477915985367469,5.261147983463238,91.8135607592064,6.555758579093015,-0.003604024577128428,-0.002453034238582886,-93.39891802198119,185.2124787811876,4.368416704692161,1000.0334908251693,-0.018741887493656177,1355292775186.5447,0.4899122685015709,74.19080813930806,20.243811004027762,0.7228235256856903,-0.0006538350211000906,0.528768258406597,0.5555771267189945,-0.02467433461712346,0.5313076156596749,1.059558176689691,0.2679473787663152,0.7380567109123304,0.736734391996339,0.9914974029673318,0.9412264890484118,-0.01820147804495578,0.1715169419605462,0.5129600242229899,4.500057016560031,0.245847817968307,2.1431681245543754,0.2339940334183171,0.27463606154219494,9.000114033120061,1.5512796137565499,0.27108634628139794,348273.9160135537,0.4817825556736514,0.2904195797801115,20.540160645859427,5.451672438659466,111.79547810096119,0.27992253581111154,0.051671079407423055,2.985270549090208,266413.5671769575,0.36279690007469856,0.5331930079569178,1.7797225515377666,0.6062633978007762,12.467938036779824,0.031477082248205605,3899.2897782063646,0.4700204650682696,2.358448225097618,22.553158148505304,108389420.17237222,2221464617.745058,5556254.367600794,0.07262352909059798,4896.841851494696,0.5902654112216364,0.7960836311215123,18.08992239577339,0.05671018189043278,2.54776282578714,0.006121596632826693,108362734.96506192,4.038071588940927,210838.70768195443,0.15557732919664702,5.272132843582554,663930.0860978658,0.27226234658778514,20.52108025224284,177.8524234763526,3645.48814051337,9.117952305149112,0.051485118827170114,0.011890387621942874,0.25578012732447014,0.000723748339723827,6233.372480871302,2.93628339017314e-06,16.123304373466592,0.005092625355263508,0.00012448608501236977,-225.2184289406067,39.19473469083785,1077437298930.2943,3.887006282794576,124.95466263629235,5.477654321269105,433.4043246512761,84.53056685653372,-115.57057654430649,-143.90813988058204,-345.69742298627773,779.1017476375539,53.70106566836969,891.6491215068793,1.5162202604615713,1077437298930.2943,0.08599340758646752,12822.750809819143,109.64618740872127,27294.47084357676,860.726498023157,69.16473935185608,7.283178875373517,0.8088359151016757,1.654452436697322,2.4627270710208427,4.48067370980262,0.5641570501175113,0.519336599586622,0.9932890906022804,0.9541867812713302,-0.25048829323150634,0.9180834468226979,0.4039875312296309,9.704374334969593,0.020737204273175294,6.713897786935236,0.8379306030524573,0.06612856202888816,19.40874866993918,4.781840689994899,19.111979556807402,72347.42449740194,0.07553079112586103,22.669469157600552,135.9741556905795,2.9450866790510597,268.3892793164944,0.058861766926588475,0.014614065799620888,5.1679957949777275,568157.7674891728,0.5913710070209317,0.7061851579775844,0.9177227492812919,0.7969049352447997,118.70903177743017,0.01063962592602085,6328.315556276881,0.05135369273940502,28.958768083284827,256.71788525521384,896518.2931753631,53738519.069893695,18546.96799544669,0.008034710328843087,42540.11003814006,0.345209040315995,0.6085602305322415,163.7857333102749,0.00441815509816878,6.802978435725961,0.09093109366721713,896397.3517254482,7.769048305037484,75695.33585841816,0.055855389719331995,30.82980585994676,116538.43794799595,20.60178257169617,118.15660322225027,105.46533874654848,6641.369167843613,2.4723787545890126,0.016560779590448698,0.09297898939340328,21.57486850923896,0.000815267480172653,249.52871240278319,1.1563498561631316e-05,478.63986594929304,0.04146566846335747,0.007082375529540224,-15.170746898651123,24.60788021087647,1364880530956.1726,1.66303097101289,14.393193125724792,6.779364233976027,116.38571166992188,12.146082495716927,3.3994545982807356,3.281723141670227,-126.3599853515625,242.74569702148438,6.596663853820249,1003.5645283676981,-0.6451661729068864,1364880530956.1726,0.39757202280292936,331.2971097533144,44.756259241058984,20.549042165645627,-1.8019876783009257,1.8777182306288709,0.6598893119484818,0.47931869503367397,0.5010906795535008,1.2552877645871054,0.40273630186947423,0.7723416243199422,0.7650608920216898,0.9946902932969915,0.9592180717897804,-0.13585824663887452,0.5790862936864074,0.3940297671410243,6.667217587139149,0.19836692036111048,3.069338644962543,0.5011008654915654,0.37004325964421764,13.334435174278296,2.3681788342465957,0.6344018856443382,193703.51050463857,0.3172892073075501,0.9148247935933157,44.021115051876336,9.304230765173305,433.91421345369446,0.20748702886613302,0.02520623946508675,4.038129589407009,197661.8854899073,0.3179735143452888,0.45005257802611986,4.095057221997024,0.5667153598980573,24.45043502108983,0.015019975355939512,1907.1397503782148,0.1803271322218433,3.2848664200021283,41.88190242057489,67615032.3547655,3129726864.035647,1488374.472109872,0.035484771587717547,2153.750567322239,0.2036450990281996,0.45556268566363856,18.556116733854406,0.016004457673172618,5.99149843917939,0.007804002650527375,67598612.6560671,5.863915140855378,63677.024532136165,0.04698710932549994,33.7821718440813,538790.4004465755,0.6441896157710387,45.18026906689925,267.83034263526764,12481.651969964625,5.92264994836101,0.0237722727111768,0.013522823437515236,0.5643103761951689,0.0004085496477342086,1498.3090278052268,5.7714876364969595e-06,22.915496386753766,0.00468915030218978,0.0004500015233620233,-12.839377975463863,34.64341316223147,1376534587542.7134,1.7527399022564083,17.52543193101883,5.361206463531263,115.71583557128906,14.001700079324218,7.642418085101988,5.847305774688721,-125.81390380859375,241.5297393798828,8.149674201366462,1007.8398981857162,-0.15645333732783465,1376534587542.7134,0.38230428982182774,398.017650603025,47.44860512924677,32.4818380714668,-1.3742419927855225,2.5249322790774165,0.32261926924569156,0.7732705928713963,0.2945020894000352,0.9260317608645761,0.23304003656289943,0.8572987616893142,0.8555595133457642,0.9973678529665592,0.9756368867165973,-0.37430833784413375,0.8482483334597396,0.27117952801331335,6.848212948358016,0.24503770269200442,2.8389764797149066,0.7826538499734651,0.44775057825720554,13.696425896716034,2.4736350607147743,0.7118878870807772,113340.5734750222,0.27891412844420455,1.1219960791524013,46.791080620532234,26.837913864092595,1301.65480612906,0.5717582810206633,0.023979469178493862,4.909951014751906,86027.2411576457,0.20578605392825844,0.2995031793727486,14.596196952177817,0.4332209279172933,19.87885789787939,0.010938638167625718,1134.6486708687312,0.3109478407423215,1.963344150794269,39.44834201151,189355909.65853658,9068832105.22883,4021618.233168045,0.0320633519910949,748.0545354891751,0.2050026131787271,0.46667745665139054,16.904748928121766,0.014795351936994487,5.685535754399803,0.0026925875256972763,189217979.1488279,5.842921358995115,87060.41554100421,0.06424165219724014,38.76222552377986,518099.5381751208,0.7156900974550088,47.64557313227105,407.89841809560494,19638.145477943508,8.824560692437746,0.022544531571428262,0.006588135565313103,0.2878118317220204,0.0001725705726986998,873.7181841956279,9.88576621632965e-06,13.680664355593184,0.003085171630274689,0.0007832379817125549,-10.09236125946045,40.98643875122072,1387033479364.902,1.8108944328066097,22.763709492981434,4.239645707319295,121.95933532714844,15.506518816000263,11.466143585250169,8.091400146484375,-114.09764099121094,236.05697631835938,9.980008747254962,1011.6760178552385,0.19040178815619663,1387033479364.902,0.3568894307775152,424.60548421437994,36.5700453488946,32.41223545937633,0.17520638468341201,2.7838019120929585,0.2209932972184849,0.8528982873150948,0.21595265499992558,0.7600549770350694,0.1726877134003568,0.8928622076459518,0.892527736721893,0.99781484639457,0.9804061051535433,-0.49911227224253163,0.9117440273962624,0.2115569386912998,5.994108911873704,0.2493760642087859,2.717487973198324,0.8582718112500832,0.44266251413461016,11.988217823747409,2.4820476382719425,0.7511988023278607,87198.0262949368,0.2751466686116423,1.0954288965250452,36.897513464309654,45.58843925261681,1660.8648278142775,1.3139606991257602,0.03133016403625047,5.354782419131524,49872.21292598343,0.15178855840554004,0.23375561497332273,25.02722647791362,0.34394954703993835,12.518999288690857,0.011221468322741247,911.7018867924528,0.4300480598077608,1.1721920612317551,27.2688679245283,304043610.4698113,10912642438.420282,8701467.017483389,0.04484858538104271,566.1339622641509,0.2670443218227127,0.5361827204743121,13.564028361634582,0.023171781614609012,4.798415014248495,0.0015643424375111608,303634974.7318254,5.597257222036636,147366.87618819924,0.10874163127577974,33.4643732986885,483657.2703685502,0.7507573247512331,36.653482654246375,471.2092706474754,17173.62224893411,13.864797893892591,0.03001006058025352,0.004739008798124777,0.15803155800123897,0.0001629006289915729,901.2715268462242,1.268975399595899e-05,8.981552767900425,0.0032064565826201434,0.0007097200195238611,-7.3533097267150875,44.960919189453136,1396587610952.4702,1.839293957266152,26.77121365070343,3.691290719117409,125.91680908203125,16.541518799338284,14.936298224847398,10.635049819946289,-112.31012725830078,238.22693634033203,11.321192106189809,1015.1543398585363,0.34827059454442716,1396587610952.4702,0.3431721337289843,442.64427926511087,38.28945310575226,32.141575722232034,1.0943224915382959,2.9352472486907,0.17655554281103655,0.8865420868725298,0.1755040638230518,0.6680293585791781,0.14461202009499693,0.9124232145864716,0.9123531159872726,0.9985532371162328,0.985381401598002,-0.5689832467775262,0.9349250170415987,0.1745840197085651,6.131865891666946,0.2529239561594036,2.6339447108074783,0.8896469577902342,0.4378215498904617,12.263731783333892,2.4533338637186093,0.7779506978754344,73970.05047979491,0.2778642846042612,1.0500277856734692,38.96262794349691,65.86737880247708,2459.3089243808545,1.855082449613446,0.029101804965438426,5.611413762113904,34478.84884986286,0.1246072312410395,0.19633127641601658,36.433180471151886,0.290332092589569,10.906355484483147,0.008862581248430416,640.2935103244838,0.4721928542215957,0.9480251651134258,27.749262536873157,455239761.859882,16816764307.9705,12686758.36069569,0.04170275533297743,411.8495575221239,0.3037238624794424,0.5729521669268801,15.025617847236672,0.023263878076569437,4.389305385958028,0.0010005888421061953,454240938.5047055,5.343922628778369,210823.94412641067,0.15556643520774813,30.01721719660881,465067.5619737869,0.7763255645158885,38.29480475973323,509.42518089554176,19314.31297622052,14.467342714488217,0.028542641100175348,0.003875730368211691,0.13563478256566844,0.00012444674196697655,659.4689092485487,1.505332594602436e-05,9.419397315656093,0.002334532457273018,0.0010592591454579765,-4.729714584350586,47.75196533203129,1405397533841.493,1.8548589626644065,28.84778505563736,3.437359211640007,114.09538269042969,17.057715764847252,18.12982113225092,14.000808238983154,-94.78115844726562,208.8765411376953,12.072616988665935,1018.3511932127435,0.37529035405132577,1405397533841.493,0.33607663248407543,450.8200390291263,28.362085674091468,31.66646558005545,1.4108952423005978,3.0088033621089543,0.15205542251479953,0.9038043025905755,0.15189099042153134,0.6102217047494427,0.12810566474438612,0.9240819101381125,0.9240709479985612,0.9981458071275182,0.9848123957950583,-0.6114990097801208,0.9458503523357213,0.15174711233992164,5.25812662694191,0.2564275301823786,2.576726769853891,0.9056589264507932,0.4320685320306708,10.516253253883821,2.423903523747938,0.7902146961559388,66146.60048213751,0.280606876901134,1.0183239626368379,28.913654700981983,85.2782099776141,2311.463780423335,3.3892850948088187,0.04100589724148242,5.770670558681804,26757.745897912708,0.10910894417478477,0.1737879439602135,47.5126290563261,0.25524688904270165,6.792481059442927,0.011527252902943671,491.20020222446914,0.49666350073252696,0.8440223653310787,18.27401415571284,606651457.0616784,16325344957.003033,23485728.680187993,0.06924989430854543,337.48533872598586,0.3412389673670231,0.6074097108425922,10.264161671867251,0.040919502116112214,4.073850558029317,0.0007297805050464802,604773803.4167777,5.143899990920159,263912.5698781436,0.19474039285519326,27.536080493268962,455451.72449568403,0.7894150309393785,28.327557072672562,532.95452781209,14935.494857593185,21.21625577667395,0.03999816055049448,0.003421430444402248,0.08693710494684069,0.00016147101015791043,912.7303298731622,1.6949812637426392e-05,5.493487621648988,0.003243853919905501,0.0006749619461341957
